1 1 2 0 0 1 0 1 2 0 2 9 7 1 0 0 10 5 3 5 
0 1 1 0 0 1 2 1 2 0 10 2 9 1 0 12 8 5 4 5 
1 2 2 0 0 1 1 0 1 0 9 4 7 1 0 4 2 10 5 5 
1 2 2 0 0 0 1 0 1 0 8 4 7 1 0 10 2 11 4 5 
1 2 2 0 0 1 0 0 1 0 13 4 7 1 0 9 10 12 5 5 
0 1 2 0 0 1 2 0 1 0 10 14 5 1 0 9 8 13 5 5 
1 1 2 0 0 2 1 0 0 0 5 15 5 1 0 8 8 10 14 5 
1 1 2 0 0 0 1 0 0 0 5 15 5 1 0 10 8 11 15 5 
1 1 2 0 0 0 1 0 0 0 5 15 5 1 0 19 8 11 15 5 
0 1 1 0 0 0 1 0 0 0 19 5 15 1 0 10 8 11 15 5 
0 1 1 0 0 1 0 0 0 0 12 5 15 1 0 8 10 15 19 5 
0 1 1 0 0 0 0 0 0 0 12 5 15 1 0 23 10 15 19 5 
0 1 1 0 0 0 0 0 0 0 12 5 15 1 0 10 23 15 19 5 
0 0 1 0 0 1 0 0 0 0 12 19 5 1 0 8 10 15 22 5 
0 0 1 0 0 0 0 0 0 0 2 12 5 15 10 11 0 19 23 5 
0 0 1 0 0 0 0 0 0 0 2 12 5 15 10 23 0 19 24 5 
0 0 1 0 0 0 0 0 0 0 2 12 5 15 0 1 23 19 25 5 
0 0 1 0 0 0 0 0 0 0 2 12 5 15 0 29 23 19 25 5 
0 0 0 0 0 0 0 0 0 0 2 12 29 15 0 32 23 19 25 5 
0 0 0 0 0 0 0 0 0 0 2 12 29 15 32 33 23 19 25 5 
0 0 0 0 0 0 0 0 0 0 2 19 27 15 14 22 12 23 32 5 
0 0 0 0 0 0 0 0 0 0 2 19 27 15 14 22 12 23 33 5 
0 0 0 0 0 0 0 0 0 0 2 19 27 15 14 22 12 23 34 5 
0 0 0 0 0 0 0 0 0 0 2 19 27 15 14 22 12 23 35 5 
0 0 0 0 0 0 0 0 0 0 17 27 37 13 4 12 2 23 33 5 
0 0 0 0 0 0 0 0 0 0 17 27 43 13 2 3 38 23 34 5 
0 0 0 0 0 0 0 0 0 0 17 27 44 13 2 3 38 23 34 5 
0 0 0 0 0 0 0 0 0 0 17 27 45 13 2 3 38 23 34 5 
0 0 0 0 0 0 0 0 0 0 17 27 45 13 2 48 38 23 34 5 
0 0 0 0 0 0 0 0 0 0 17 44 47 13 2 39 28 24 35 5 
0 0 0 0 0 0 0 0 0 0 44 47 53 14 29 39 18 25 35 5 
0 0 0 0 0 0 0 0 0 0 44 47 54 14 29 39 18 25 35 5 
0 0 0 0 0 0 0 0 0 0 44 47 55 14 29 39 18 25 35 5 
0 0 0 0 0 0 0 0 0 0 44 47 55 15 19 29 58 25 35 5 
0 0 0 0 0 0 0 0 0 0 45 55 65 15 19 29 48 25 35 5 
