0 0 1 1 1 2 1 0 1 2 0 2 2 2 2 1 5 2 5 11 2 0 0 10 9 10 0 5 12 13 
0 0 1 1 1 2 1 0 0 2 0 1 2 1 2 1 5 2 5 12 2 0 0 10 9 11 10 5 11 12 
0 0 1 1 1 1 0 0 1 2 0 1 2 2 2 1 5 2 5 10 13 10 0 0 13 12 1 5 2 9 
0 0 0 1 1 1 1 0 1 2 0 1 2 1 2 1 5 10 5 2 14 12 0 0 14 13 1 5 10 9 
0 0 0 1 0 1 0 0 1 2 1 1 2 1 2 14 5 2 5 11 2 0 10 0 15 14 12 5 13 9 
1 0 0 0 0 1 0 0 1 2 1 1 2 2 2 4 5 2 14 11 8 0 10 2 15 15 3 5 9 18 
1 0 0 0 0 1 2 0 0 2 1 0 2 1 2 3 5 2 15 12 7 18 0 1 15 15 10 5 19 9 
1 0 0 0 0 0 2 0 0 2 1 1 2 1 2 5 5 2 15 12 20 18 0 1 15 15 9 5 19 9 
1 0 0 0 0 0 2 0 0 2 1 1 2 1 2 5 5 2 15 12 21 18 0 1 15 15 9 5 19 9 
1 0 0 0 0 0 2 0 0 2 1 1 2 1 2 5 5 2 15 12 22 18 0 1 15 15 9 5 19 9 
0 0 0 0 0 2 2 1 1 2 1 1 1 2 2 22 5 2 15 12 5 8 9 19 15 5 25 15 18 19 
0 0 0 0 0 1 2 0 1 2 1 1 1 2 2 23 5 2 15 12 24 8 22 9 5 5 19 15 15 16 
0 0 0 0 0 1 0 1 1 2 1 2 1 2 2 24 5 2 15 12 25 22 9 19 5 5 8 15 9 15 
0 0 0 0 0 0 2 1 1 1 1 1 1 2 2 25 5 2 15 12 22 5 9 19 25 5 28 15 7 8 
0 0 0 0 0 0 1 0 1 1 1 1 1 2 2 25 5 2 15 12 22 28 29 9 25 5 19 15 5 6 
0 0 0 0 0 0 1 0 0 1 1 1 1 1 1 23 5 2 15 27 33 28 12 13 25 5 9 15 19 35 
0 0 0 0 0 1 1 0 0 1 1 0 1 1 1 23 5 27 15 34 25 28 2 3 34 5 4 15 9 19 
0 0 0 0 1 1 1 0 0 1 0 1 1 1 1 23 5 27 15 15 25 18 2 3 35 34 9 5 28 29 
0 0 0 0 1 1 1 0 1 1 0 1 1 1 1 23 5 27 15 15 25 18 2 9 35 35 28 5 29 38 
0 0 0 0 1 1 1 0 1 1 0 1 1 1 1 23 5 27 15 15 25 18 39 9 35 35 28 5 29 38 
0 0 0 0 1 1 1 0 0 1 0 1 1 1 1 25 5 43 15 15 25 18 29 39 35 35 9 5 28 29 
0 0 0 0 1 1 1 0 0 1 0 1 1 1 1 25 5 44 15 15 25 18 29 39 35 35 9 5 28 29 
0 0 1 0 1 1 1 0 0 1 0 1 0 1 1 25 5 5 15 15 25 8 29 39 35 35 18 44 19 28 
0 0 1 0 1 1 1 0 0 1 0 1 0 1 1 25 5 5 15 15 25 8 29 39 35 35 18 45 19 28 
0 0 1 0 1 1 1 0 0 1 0 0 0 1 1 25 5 5 15 15 25 8 29 39 35 35 49 45 18 19 
0 0 1 0 1 1 1 0 0 1 0 0 0 0 1 25 5 5 15 15 25 8 29 39 35 35 49 45 55 18 
0 0 0 0 1 1 1 0 0 1 0 0 0 1 1 25 5 55 15 5 15 8 29 39 25 35 49 45 18 19 
0 0 0 0 1 1 1 0 0 1 0 0 0 0 1 25 5 55 15 5 15 8 29 39 25 35 49 45 58 18 
0 0 0 0 1 1 0 0 0 1 0 0 0 1 1 25 5 55 15 5 15 58 29 39 25 35 49 45 8 9 
0 0 0 0 1 1 0 0 0 1 0 0 0 0 1 25 5 55 15 5 15 58 29 39 25 35 49 45 65 8 
0 0 0 0 0 1 0 0 0 1 0 0 0 1 1 25 5 55 15 65 5 58 29 39 15 35 49 45 8 9 
0 0 0 0 0 1 0 0 0 1 0 0 0 0 1 25 5 55 15 65 5 58 29 39 15 35 49 45 68 8 
0 0 0 0 0 1 0 0 0 1 0 0 0 0 0 25 5 55 15 65 5 58 29 39 15 35 49 45 68 69 
0 0 0 0 0 0 0 0 0 1 0 0 0 0 0 25 5 55 15 65 75 58 29 39 5 35 49 45 68 69 
