0 0 1 0 1 3 5 1 6 2 8 10 3 4 3 12 4 5 5 5 7 8 9 7 10 10 11 15 8 9 15 12 13 9 10 16 16 17 17 16 11 17 11 12 18 18 12 13 18 13 14 17 17 14 19 18 15 15 19 18 19 19 19 16 1 0 0 2 1 4 2 2 2 7 9 11 3 3 4 5 4 6 13 6 6 14 6 15 7 7 11 8 8 12 16 9 13 14 14 10 6 0 10 7 0 6 6 7 6 7 6 2 0 10 7 2 3 0 3 7 10 10 10 0 0 10 0 2 3 0 11 10 0 7 3 2 11 0 2 7 3 11 7 3 0 2 7 3 11 7 3 4 7 7 0 4 3 7 2 7 4 7 11 3 6 10 3 6 3 6 10 0 3 6 6 2 10 3 0 10 7 10 2 0 3 2 7 0 3 7 10 0 7 0 0 3 10 0 10 7 
0 0 10 0 0 3 5 1 6 2 8 10 2 12 2 11 3 3 4 4 13 13 14 5 14 14 15 13 6 6 13 16 16 7 7 14 15 15 16 17 8 16 8 8 17 17 8 9 18 9 9 18 18 10 18 18 10 11 19 19 19 19 19 11 1 9 0 2 1 4 11 1 1 7 9 10 12 2 3 12 3 13 11 4 4 12 5 12 5 5 15 6 6 15 14 7 16 17 17 7 6 0 11 7 10 6 6 3 6 0 6 0 3 7 10 0 3 10 0 3 7 11 4 3 7 11 4 0 3 10 2 4 7 3 7 2 0 2 0 11 0 2 3 7 0 2 10 3 0 7 10 4 7 3 2 11 7 3 0 4 7 11 2 7 6 0 3 6 0 6 11 7 10 6 2 2 4 7 0 11 7 4 2 7 10 0 0 2 7 10 7 0 7 11 0 0 11 4 7 10 
0 0 10 0 0 1 2 1 3 2 4 5 2 12 2 6 3 3 4 4 13 13 14 5 14 14 15 8 6 6 9 16 16 7 7 10 11 11 12 17 8 13 8 8 14 15 8 9 16 9 9 18 18 10 17 18 10 11 18 19 19 19 19 11 0 9 0 1 1 2 11 1 1 3 4 5 12 2 3 12 3 13 6 4 4 7 5 7 5 5 15 6 6 15 10 7 16 17 17 7 6 0 11 7 10 13 13 3 6 0 6 6 3 7 10 6 3 10 0 3 7 11 4 3 7 11 4 13 3 10 2 4 7 3 7 2 0 2 0 11 0 0 3 7 0 0 10 3 0 7 10 4 7 3 0 11 7 3 0 4 7 11 0 7 13 0 3 6 0 6 11 7 10 13 13 13 4 7 0 11 7 4 13 7 10 6 0 13 7 10 7 0 7 11 0 0 11 4 7 10 
0 0 1 0 0 3 5 1 6 2 8 10 2 4 2 11 3 3 4 4 7 9 10 5 11 12 12 13 6 6 13 14 14 7 7 14 15 15 16 16 8 16 8 8 17 17 8 9 18 9 9 17 17 10 18 18 10 11 19 18 19 19 19 11 1 0 0 2 1 4 2 1 1 7 9 10 3 2 3 5 3 6 11 4 4 12 5 12 5 5 13 6 6 13 14 7 15 15 16 7 6 0 13 7 10 6 6 3 6 0 13 0 3 13 10 0 3 10 0 3 13 0 11 3 11 4 7 0 3 10 12 4 7 3 7 12 0 12 0 7 0 12 3 7 0 12 10 3 0 7 10 4 7 3 12 4 7 3 0 7 4 7 12 7 6 13 3 6 0 6 13 7 10 6 2 2 13 7 0 13 7 13 2 7 10 0 0 12 7 10 4 0 7 7 0 0 4 7 4 10 
0 0 6 0 0 3 5 1 5 1 6 8 1 9 2 10 2 3 3 3 10 11 11 4 11 12 12 13 5 5 13 14 14 6 6 14 15 15 16 16 6 16 7 7 17 17 7 7 18 8 8 17 17 8 18 18 9 9 19 18 19 19 19 9 1 5 0 2 0 4 7 1 1 6 7 9 8 2 2 10 2 10 11 3 3 12 4 12 4 4 13 4 5 13 14 5 15 15 16 6 6 0 13 7 10 6 6 0 15 10 15 2 13 0 3 0 10 0 3 7 11 4 7 3 11 4 7 0 0 7 12 4 7 0 3 12 0 12 0 7 10 12 0 3 0 12 7 10 0 3 7 4 7 10 12 4 3 7 0 7 4 7 12 10 6 13 3 6 13 6 13 3 7 6 6 2 0 0 7 4 13 7 0 10 13 0 0 12 7 10 4 13 3 7 0 10 4 7 4 7 
0 0 5 0 0 1 2 1 3 1 4 8 1 7 2 10 2 3 3 3 10 11 11 4 11 12 12 13 5 5 13 14 14 6 6 14 15 15 16 16 6 16 7 7 17 17 7 7 18 8 8 17 17 8 18 18 9 9 19 18 19 19 19 9 0 5 0 1 0 2 6 1 1 3 7 9 6 2 2 10 2 10 11 3 3 12 4 12 4 4 13 4 5 13 14 5 15 15 16 6 6 0 15 7 10 16 16 0 6 10 16 0 13 13 3 0 10 0 3 7 11 4 7 3 11 4 7 0 0 7 12 4 7 0 3 12 0 12 0 7 10 12 0 3 0 12 7 10 0 3 7 4 7 10 12 4 3 7 0 7 4 7 12 10 16 13 3 6 13 6 13 3 7 16 16 0 15 0 7 4 13 7 0 10 13 0 0 12 7 10 4 13 3 7 0 10 4 7 4 7 
0 0 1 0 0 3 4 1 5 1 8 10 1 7 2 11 2 3 3 3 10 10 11 4 11 12 12 13 5 5 13 14 14 5 6 14 15 15 16 16 6 16 6 6 17 17 7 7 18 7 7 17 17 8 18 18 8 9 19 18 19 19 19 9 1 0 0 2 0 4 2 1 1 5 9 10 3 2 2 8 2 9 11 3 3 12 4 12 4 4 13 4 5 13 14 5 15 15 16 6 6 0 13 7 10 6 14 0 13 10 0 0 15 16 3 0 10 0 3 7 4 7 4 3 7 4 7 0 0 7 12 4 7 15 0 12 0 12 0 7 7 12 10 15 0 12 0 3 0 7 10 4 7 3 12 4 7 3 0 7 4 7 12 7 6 13 3 6 15 13 13 3 7 14 0 12 13 0 7 11 15 11 12 10 15 0 0 12 7 10 4 15 3 7 0 10 4 7 4 3 
0 0 8 0 0 3 8 0 9 1 10 11 1 8 1 11 2 2 2 2 9 9 10 3 10 11 11 13 4 4 13 13 13 5 5 14 14 14 15 15 5 15 5 6 15 16 6 6 16 6 6 16 16 7 16 17 7 7 17 17 18 18 17 7 1 7 0 2 0 7 8 1 1 10 10 11 8 1 2 9 2 9 12 3 3 12 3 12 3 3 12 4 4 12 13 4 14 14 15 5 6 0 4 7 10 6 0 16 0 7 12 0 10 17 16 18 3 10 13 16 11 17 4 10 7 4 7 0 3 10 12 4 7 0 3 0 12 18 0 7 10 12 16 0 18 0 3 7 12 10 16 4 7 3 18 4 7 10 0 7 4 7 12 16 6 0 3 6 13 2 7 0 3 0 18 12 11 13 0 4 7 7 0 0 3 12 7 18 13 16 4 0 7 7 18 16 4 7 4 7 
0 0 8 0 0 1 2 0 3 1 7 9 1 8 1 10 2 2 2 2 9 9 10 3 10 11 11 11 4 4 12 13 13 5 5 12 13 13 13 15 5 14 5 6 14 14 6 6 15 6 6 16 16 7 15 17 7 7 15 17 18 18 16 7 0 7 0 1 0 2 8 1 1 3 8 10 8 1 2 9 2 9 10 3 3 11 3 11 3 3 12 4 4 12 12 4 14 14 15 5 6 0 4 7 10 19 19 16 6 7 2 0 10 17 16 12 3 10 13 16 11 17 4 10 7 4 7 18 3 10 0 4 7 0 3 18 0 12 18 7 10 0 16 0 12 18 3 7 0 10 16 4 7 3 12 4 7 10 18 7 4 7 0 16 19 0 3 6 13 6 7 0 3 19 0 0 11 13 0 4 7 7 18 0 3 0 7 12 13 16 4 0 7 7 12 16 4 7 4 7 
0 0 1 0 0 3 8 0 9 1 10 11 1 4 1 11 2 2 2 2 7 7 8 3 8 8 8 13 4 4 13 9 9 5 5 14 14 14 15 11 5 15 5 6 15 15 6 6 15 6 6 12 12 7 15 13 7 7 15 13 14 14 16 7 1 0 0 2 0 7 2 1 1 10 10 11 3 1 2 5 2 6 12 3 3 12 3 12 3 3 9 4 4 9 13 4 10 10 11 5 6 0 19 7 10 6 0 16 0 7 12 0 10 19 16 18 3 10 13 16 0 19 4 10 7 11 17 0 3 10 12 11 17 0 3 0 12 18 0 7 10 4 16 0 5 7 3 7 8 10 16 4 7 3 12 4 7 10 18 7 4 7 0 16 6 19 3 6 13 2 19 0 3 0 18 12 19 13 0 19 7 19 0 0 3 12 7 18 13 16 4 0 7 7 18 16 4 7 4 7 
0 0 4 0 0 3 5 0 6 1 8 10 1 6 1 10 1 2 2 2 7 7 8 3 8 8 8 12 3 3 12 9 9 4 4 13 13 13 14 11 5 14 5 5 14 15 5 6 15 6 6 12 12 6 15 13 7 7 15 13 14 14 15 7 1 4 0 2 0 4 5 0 1 7 9 10 5 1 1 6 2 7 11 2 2 11 2 11 3 3 9 3 3 9 12 4 10 10 11 4 6 0 19 7 10 6 2 16 2 3 0 0 7 0 13 18 19 3 7 10 17 19 4 0 7 11 17 0 13 19 12 11 17 7 10 0 12 18 0 7 3 12 7 10 18 0 16 3 4 7 10 4 7 16 5 4 3 7 7 7 4 7 8 10 6 0 3 6 13 2 0 19 0 2 0 12 19 10 16 19 0 0 0 13 16 12 19 18 3 7 4 10 16 7 18 3 4 7 4 16 
0 0 4 0 0 1 2 0 3 1 4 6 1 5 1 8 1 2 2 2 6 6 7 3 7 7 7 10 3 3 10 8 8 4 4 10 11 11 11 9 5 11 5 5 12 12 5 6 12 6 6 10 10 6 12 11 7 7 13 11 12 12 13 7 0 4 0 1 0 2 4 0 1 3 5 7 5 1 1 5 2 6 8 2 2 9 2 9 3 3 8 3 3 8 10 4 9 9 9 4 6 0 19 7 10 19 19 16 6 3 2 2 7 19 13 0 20 3 7 10 19 21 0 0 17 19 21 0 13 20 12 11 17 7 10 22 0 12 18 17 3 22 7 10 0 12 16 3 18 7 10 4 7 16 22 4 3 7 0 7 4 7 4 10 19 0 3 6 13 6 21 20 0 19 2 2 0 10 16 21 0 0 22 13 16 0 20 22 3 7 4 10 16 7 18 3 4 7 11 16 
0 0 4 0 0 1 1 0 2 1 2 3 1 5 1 4 1 2 2 2 6 6 7 3 7 7 7 8 3 3 8 8 8 4 4 9 10 10 10 9 5 10 5 5 11 11 5 6 11 6 6 10 10 6 11 11 7 7 12 11 12 12 12 7 0 4 0 0 0 1 4 0 1 2 3 3 5 1 1 5 2 6 5 2 2 6 2 7 3 3 8 3 3 8 9 4 9 9 9 4 6 0 19 7 10 6 23 16 6 3 23 19 7 19 13 2 20 3 7 10 19 21 0 0 17 19 21 0 13 20 22 11 17 7 10 22 0 12 18 17 3 22 7 10 0 12 16 3 18 7 10 4 7 16 22 4 3 7 0 7 4 7 12 10 19 0 3 23 13 19 21 20 0 19 6 23 0 10 16 21 0 0 2 13 16 2 20 2 3 7 4 10 16 7 0 3 4 7 11 16 
0 0 4 0 0 3 5 0 6 1 7 7 1 5 1 7 1 1 2 2 5 6 6 2 6 6 6 9 3 3 9 8 8 3 3 10 10 10 10 9 4 10 4 4 11 11 4 4 11 5 5 9 9 6 11 10 6 7 11 10 11 11 12 7 1 4 0 2 0 4 5 0 0 6 7 7 5 1 1 5 1 5 8 2 2 8 2 8 2 2 7 3 3 7 9 3 8 8 9 3 6 0 19 7 10 6 2 16 2 0 0 20 3 17 10 24 16 22 0 3 23 0 11 16 17 19 21 0 3 10 22 4 7 16 19 0 12 18 22 7 3 24 7 10 0 12 16 22 18 3 7 11 17 3 22 4 7 3 24 7 4 7 0 7 6 0 3 6 13 2 0 19 22 24 2 22 11 7 13 19 19 21 0 7 10 22 13 24 19 22 11 0 7 17 24 13 11 17 4 22 
0 0 4 0 0 1 2 0 3 1 4 6 1 5 1 7 1 1 2 2 5 6 6 2 6 6 6 7 3 3 8 8 8 3 3 8 9 9 9 9 4 10 4 4 10 10 4 4 10 5 5 9 9 6 10 10 6 7 11 10 11 11 11 7 0 4 0 1 0 2 5 0 0 3 5 6 5 1 1 5 1 5 7 2 2 7 2 7 2 2 7 3 3 7 8 3 8 8 9 3 6 0 19 7 10 25 25 16 6 0 2 2 3 17 10 0 16 22 0 3 23 0 11 16 17 19 21 24 3 10 0 4 7 16 19 24 0 22 24 7 3 0 7 10 12 18 16 22 22 3 7 11 17 3 24 4 7 3 0 7 4 7 12 7 25 0 3 6 13 6 0 19 22 25 2 24 11 7 13 19 19 21 2 7 10 20 13 22 19 22 11 0 7 17 22 13 11 17 4 22 
0 0 1 0 0 3 4 0 5 1 5 6 1 4 1 6 1 1 2 2 5 5 5 2 5 6 6 7 3 3 7 8 8 3 3 7 7 8 8 9 4 8 4 4 9 9 4 4 9 5 5 9 9 6 10 10 6 7 10 10 11 11 10 7 1 0 0 2 0 4 2 0 0 5 6 6 3 1 1 4 1 5 6 2 2 6 2 7 2 2 7 3 3 7 7 3 8 8 9 3 6 0 25 7 10 6 26 16 2 0 26 2 3 0 10 22 16 22 0 3 11 17 19 16 21 11 17 2 3 10 20 4 7 16 19 24 26 0 22 7 3 24 7 10 0 22 16 22 24 3 7 11 17 3 0 4 7 3 12 7 4 7 18 7 6 25 3 6 13 2 25 19 22 24 0 20 25 7 13 19 19 0 24 7 10 26 13 0 19 22 11 0 7 17 22 13 11 17 4 22 
0 0 4 0 0 3 5 0 5 0 5 6 1 4 1 6 1 1 1 1 5 5 5 2 6 6 7 7 2 3 7 8 8 3 3 7 7 7 8 9 3 8 3 3 8 9 3 4 9 4 5 9 9 5 9 10 6 6 10 10 11 11 10 7 1 4 0 2 0 4 4 0 0 5 5 6 4 1 1 4 1 4 6 2 2 6 2 6 2 2 7 2 2 7 7 3 8 8 9 3 6 0 11 7 10 6 2 16 20 25 24 0 0 21 7 20 13 19 22 25 0 11 17 10 11 17 7 0 22 0 2 4 7 7 10 22 24 26 0 7 16 22 19 22 24 0 25 3 22 7 3 11 17 7 24 4 3 7 0 7 4 7 12 3 6 0 3 6 13 2 17 19 22 22 26 2 19 3 10 23 16 26 22 0 3 24 7 26 13 16 11 19 25 17 20 3 11 17 4 13 
0 0 4 0 0 1 2 0 3 0 4 4 1 4 1 5 1 1 1 1 5 6 6 2 6 7 7 6 2 3 6 8 8 3 3 7 7 7 8 9 3 8 3 3 8 8 3 4 9 4 5 9 9 5 9 10 6 6 9 10 11 11 9 7 0 4 0 1 0 2 4 0 0 3 4 4 4 1 1 5 1 5 5 2 2 5 2 5 2 2 7 2 2 7 6 3 8 8 9 3 6 0 11 7 10 25 25 16 6 26 2 24 0 27 7 0 13 19 22 26 27 11 17 10 27 7 11 0 22 0 22 4 7 7 10 0 22 24 0 7 16 22 19 22 24 28 26 3 0 7 3 11 17 7 22 4 3 7 24 7 4 7 28 3 25 0 3 6 13 6 17 19 22 25 22 26 19 3 10 11 16 17 2 0 3 22 7 24 13 16 17 19 26 27 24 3 11 17 4 13 
0 0 1 0 0 3 4 0 4 0 4 5 1 4 1 5 1 1 1 1 5 6 6 2 6 6 7 6 2 3 7 7 7 3 3 7 8 8 8 9 3 8 3 3 8 9 3 4 9 4 4 9 9 5 9 10 5 5 9 10 10 11 9 6 1 0 0 2 0 4 2 0 0 4 4 5 3 1 1 4 1 5 5 2 2 6 2 6 2 2 7 2 2 7 7 3 8 8 8 3 6 0 25 7 10 6 2 16 20 27 24 0 0 11 7 22 13 19 22 27 17 7 11 10 17 28 4 24 22 0 0 17 28 7 10 24 0 12 18 4 16 22 19 22 24 0 27 3 12 7 27 7 28 3 18 4 7 27 22 7 28 4 24 3 6 25 3 6 13 0 25 19 22 22 26 2 25 3 10 17 16 11 24 0 3 0 7 22 13 16 7 19 27 11 22 3 4 7 28 13 
0 0 0 0 0 4 4 0 5 0 5 6 1 2 1 6 1 1 1 1 3 4 4 2 5 5 6 7 2 3 7 6 7 3 3 8 8 8 8 7 3 8 3 3 9 9 3 4 9 4 4 8 8 5 9 8 5 5 9 9 9 9 9 6 1 0 0 4 0 4 1 0 0 5 5 6 1 1 1 2 1 3 6 2 2 7 2 7 2 2 6 2 2 6 8 3 7 7 7 3 6 0 30 7 10 22 31 16 0 27 24 0 0 25 7 24 13 19 22 27 30 11 17 10 11 17 7 24 22 0 31 28 4 7 10 12 18 22 24 28 16 31 19 22 0 12 27 3 18 7 27 4 7 3 22 28 7 27 24 4 7 28 31 3 6 25 3 0 13 24 25 19 22 22 31 22 30 3 10 30 16 25 31 0 3 0 7 22 13 16 11 19 27 17 0 3 7 11 17 13 
4 0 1 0 0 5 5 0 6 0 6 7 0 4 1 8 1 1 1 1 5 5 5 2 5 5 5 8 2 2 8 6 6 2 3 8 8 9 9 7 3 9 3 3 9 9 3 3 9 3 3 7 7 3 9 7 4 4 9 7 8 8 9 4 4 0 0 4 0 5 2 0 0 6 7 7 3 1 1 4 1 4 8 1 1 8 2 8 2 2 6 2 2 6 8 2 6 6 7 3 0 0 25 7 10 0 24 16 0 27 24 22 30 11 3 0 10 16 19 22 4 7 11 3 17 28 31 24 16 22 28 11 17 30 0 31 32 0 4 7 7 5 10 13 7 8 16 19 12 22 27 11 17 30 18 28 3 7 22 31 4 7 24 27 22 25 3 24 13 22 25 19 22 22 0 24 25 0 7 17 13 31 12 27 30 18 0 22 7 10 4 13 19 7 29 27 28 31 4 3 
4 0 1 0 0 5 5 0 6 0 6 7 0 4 1 8 1 1 1 1 5 5 5 2 5 5 5 8 2 2 8 6 6 2 3 8 8 9 9 7 3 9 3 3 9 9 3 3 9 3 3 7 7 3 9 7 4 4 9 7 8 8 9 4 4 0 0 4 0 5 2 0 0 6 7 7 3 1 1 4 1 4 8 1 1 8 2 8 2 2 6 2 2 6 8 2 6 6 7 3 0 0 25 7 10 0 24 16 0 27 24 22 31 11 3 0 10 16 19 22 4 7 11 3 17 28 31 24 16 22 28 11 17 31 0 31 32 0 4 7 7 5 10 13 7 8 16 19 12 22 27 11 17 31 18 28 3 7 22 31 4 7 24 27 22 25 3 24 13 22 25 19 22 22 0 24 25 0 7 17 13 31 12 27 31 18 0 22 7 10 4 13 19 7 29 27 28 31 4 3 
4 0 0 0 0 5 5 0 6 0 6 7 0 2 1 7 1 1 1 1 3 4 4 2 4 5 5 8 2 2 8 5 5 2 3 8 8 8 8 6 3 8 3 3 8 8 3 3 8 3 3 6 6 3 9 7 4 4 9 7 7 7 9 4 4 0 0 4 0 5 1 0 0 6 7 7 1 1 1 2 1 3 7 1 1 8 2 8 2 2 5 2 2 5 8 2 6 6 6 3 0 0 34 7 10 0 24 16 0 27 24 12 31 25 3 22 10 16 19 22 34 11 17 3 31 4 7 5 16 22 7 28 31 31 0 12 18 22 24 17 7 28 10 13 29 31 16 19 32 22 27 28 31 31 0 4 3 7 4 7 28 31 5 27 22 25 3 24 13 22 25 19 22 22 0 18 34 0 7 34 13 25 24 27 31 0 0 4 7 10 11 13 19 17 8 27 4 7 11 3 
4 0 1 0 0 5 5 0 6 0 6 6 0 3 1 7 1 1 1 1 4 4 4 1 4 4 5 7 2 2 7 5 5 2 2 8 8 8 8 6 2 8 3 3 8 8 3 3 8 3 3 6 6 3 8 7 3 3 8 7 7 7 8 3 4 0 0 4 0 5 2 0 0 6 6 6 3 0 1 4 1 4 7 1 1 7 1 7 2 2 5 2 2 5 8 2 5 5 6 2 0 0 25 7 10 0 24 16 0 27 18 24 31 25 0 0 7 13 16 19 11 17 28 34 31 35 4 24 10 16 36 17 28 22 27 4 5 7 8 7 34 12 0 3 18 22 7 10 24 16 19 28 31 22 28 4 27 31 29 7 28 31 31 34 22 25 3 24 13 22 25 19 22 12 22 36 13 34 3 4 10 7 12 22 27 18 31 22 0 3 7 7 13 11 0 19 31 35 4 31 
4 0 0 0 0 4 5 0 5 0 5 6 0 2 1 6 1 1 1 1 3 3 4 1 4 4 4 7 2 2 7 5 5 2 2 7 7 7 8 6 2 8 3 3 8 8 3 3 8 3 3 6 6 3 8 7 3 3 8 7 7 7 8 3 4 0 0 4 0 5 1 0 0 5 5 6 1 0 1 2 1 3 6 1 1 6 1 6 2 2 4 2 2 4 7 2 5 5 6 2 0 0 37 7 10 36 12 16 18 27 24 0 31 25 0 18 7 13 16 19 25 37 4 34 7 11 17 0 10 16 12 4 7 22 27 22 24 36 0 7 34 4 0 3 5 7 7 10 8 16 19 28 31 22 12 4 27 31 18 7 28 31 22 34 22 25 3 24 13 0 25 19 22 22 36 12 37 34 3 37 10 13 22 22 27 24 31 36 0 3 28 7 13 31 18 19 28 31 4 31 
3 0 0 0 0 4 4 0 4 0 4 5 0 1 1 5 1 1 1 1 2 2 3 1 3 4 4 6 2 2 6 5 5 2 2 6 6 7 7 6 2 7 3 3 7 7 3 3 7 3 3 6 6 3 8 7 3 3 8 7 7 7 8 3 3 0 0 3 0 4 0 0 0 4 5 5 1 0 1 1 1 2 5 1 1 5 1 6 2 2 4 2 2 4 6 2 5 5 6 2 26 0 25 7 10 0 18 19 22 31 36 12 34 25 0 22 7 16 19 22 25 37 13 39 40 4 7 12 10 19 18 4 7 27 31 24 36 0 12 7 39 18 0 3 22 24 7 10 36 16 19 28 31 22 0 4 27 31 4 7 28 31 5 34 37 13 3 38 16 12 37 22 27 24 0 18 13 39 3 37 10 13 24 27 31 36 34 0 0 3 28 7 16 31 22 22 28 31 4 34 
3 0 0 0 0 4 4 0 4 0 4 5 0 1 1 5 1 1 1 1 2 2 3 1 3 4 4 6 2 2 6 5 5 2 2 6 6 6 6 6 2 7 3 3 7 7 3 3 7 3 3 6 6 3 7 7 3 3 7 7 7 7 7 3 3 0 0 4 0 4 0 0 0 4 5 5 1 0 1 1 1 2 5 1 1 5 1 5 2 2 4 2 2 4 6 2 5 5 6 2 26 0 25 7 10 12 22 19 24 31 42 12 34 25 0 22 7 16 19 22 25 37 13 40 19 4 7 0 10 19 12 4 7 27 31 22 24 36 42 7 40 0 0 3 12 18 7 10 22 16 22 28 31 27 24 4 31 34 36 7 28 31 42 40 37 13 3 0 16 18 37 22 27 36 0 18 13 40 3 37 10 13 24 27 31 36 34 42 0 3 28 7 16 31 18 22 28 31 4 34 
2 0 0 0 0 4 4 0 4 0 4 5 0 1 1 5 1 1 1 1 1 2 3 1 3 4 4 6 2 2 6 5 5 2 2 6 6 6 6 6 2 7 3 3 7 7 3 3 7 3 3 6 6 3 7 7 3 3 7 7 7 7 7 3 3 0 0 4 0 4 0 0 0 4 5 5 0 0 1 1 1 1 5 1 1 5 1 5 2 2 4 2 2 4 6 2 5 5 6 2 26 0 25 7 10 12 22 19 24 31 42 12 34 13 0 22 7 16 19 22 43 43 19 40 43 4 7 0 10 19 12 4 7 27 31 22 24 36 42 7 40 0 0 3 12 18 7 10 22 16 22 28 31 27 24 4 31 34 36 7 28 31 42 40 26 13 3 0 16 18 37 22 27 36 0 18 43 40 3 25 10 37 24 27 31 36 34 42 0 3 28 7 16 31 18 22 28 31 4 34 
2 0 0 0 0 4 4 0 4 0 4 5 0 1 1 5 1 1 1 1 2 3 3 1 3 4 4 5 2 2 5 5 5 2 2 6 6 6 6 6 2 6 3 3 6 6 3 3 7 3 3 6 6 3 7 7 3 3 7 7 7 7 7 3 3 0 0 4 0 4 0 0 0 4 4 5 0 0 1 1 1 1 5 1 1 5 1 5 2 2 4 2 2 4 6 2 5 5 6 2 26 0 19 7 10 12 22 22 24 34 42 0 40 13 0 18 7 16 22 27 19 19 43 44 45 4 7 42 10 22 46 4 7 31 34 12 18 22 24 7 44 36 0 3 42 46 7 10 0 16 22 28 31 27 12 4 31 34 18 7 28 31 22 40 26 13 3 0 16 18 25 27 31 36 46 12 37 44 3 19 10 25 22 31 34 24 40 36 0 3 28 7 16 31 0 27 28 31 4 40 
1 0 0 0 0 3 4 0 4 0 4 4 0 1 1 4 1 1 1 1 2 3 3 1 3 4 4 5 2 2 5 5 5 2 2 5 5 5 6 6 2 6 3 3 6 6 3 3 6 3 3 6 6 3 6 7 3 3 6 7 7 7 6 3 2 0 0 3 0 4 0 0 0 4 4 4 0 0 1 1 1 2 5 1 1 5 1 5 2 2 4 2 2 4 5 2 5 5 6 2 26 0 19 7 10 26 12 22 18 34 24 42 40 19 0 48 7 16 22 27 43 0 19 46 43 4 7 22 10 22 24 4 7 31 34 42 46 48 0 7 46 12 3 7 18 22 10 16 24 22 27 28 31 31 36 4 34 40 42 7 28 31 46 46 26 13 3 2 16 0 25 27 31 22 36 46 43 46 3 43 10 19 0 31 34 12 40 18 0 3 28 7 16 31 36 27 28 31 4 40 
0 0 0 0 0 3 3 0 3 0 4 4 0 1 1 4 1 1 1 1 2 2 3 1 3 4 4 5 2 2 5 5 5 2 2 5 5 5 5 6 2 5 3 3 5 6 3 3 6 3 3 6 6 3 6 7 3 3 6 7 7 7 6 3 1 0 0 2 0 3 0 0 0 4 4 4 1 0 1 1 1 2 4 1 1 4 1 4 2 2 4 2 2 4 5 2 5 5 6 2 26 0 43 7 10 2 44 22 50 34 12 22 40 43 0 36 7 16 22 27 43 50 0 46 19 4 7 0 10 22 12 4 7 31 34 22 24 36 42 7 46 46 3 7 48 0 10 16 12 22 27 28 31 31 18 4 34 40 22 7 28 31 24 46 26 19 3 26 16 26 50 27 31 0 18 24 19 46 3 50 10 19 42 31 34 46 40 48 0 3 28 7 16 31 18 27 28 31 4 40 
0 0 0 0 0 1 2 0 3 0 3 3 0 1 1 4 1 1 1 1 2 2 3 1 3 4 4 4 2 2 4 5 5 2 2 4 4 5 5 6 2 5 3 3 5 5 3 3 5 3 3 6 6 3 5 7 3 3 5 7 7 7 5 3 0 0 0 1 0 2 0 0 0 3 3 4 1 0 1 1 1 2 4 1 1 4 1 4 2 2 4 2 2 4 4 2 5 5 6 2 2 3 19 10 16 26 26 27 2 40 26 50 46 19 3 12 10 22 27 31 19 43 0 50 51 4 7 36 16 27 42 4 7 34 40 48 52 0 12 7 50 18 3 7 22 24 10 16 36 22 27 28 31 31 42 4 34 40 46 7 28 31 48 46 26 0 7 2 22 2 43 31 34 20 44 0 0 50 7 43 16 0 18 34 40 22 46 24 3 7 28 10 22 31 46 31 28 31 4 46 
0 0 0 0 0 1 1 0 2 0 2 2 0 1 1 3 1 1 1 1 4 4 4 1 4 4 5 3 2 2 3 5 5 2 2 4 4 4 4 6 2 4 3 3 4 4 3 3 4 3 3 6 7 3 4 7 3 3 5 7 7 7 5 3 0 0 0 0 0 1 0 0 0 2 2 3 1 0 1 1 1 2 3 1 1 3 1 3 2 2 5 2 2 5 3 2 6 6 6 2 2 3 19 10 16 2 50 27 2 40 26 50 46 19 3 2 10 22 27 31 4 7 28 51 31 52 4 46 16 27 48 31 52 34 40 0 12 18 22 31 51 24 3 7 36 42 10 16 46 22 27 52 4 31 48 7 34 40 0 28 31 52 12 51 26 0 7 50 22 26 43 31 34 20 44 0 0 51 7 43 16 0 20 34 40 26 46 44 3 7 7 10 22 28 50 31 4 7 28 46 
0 0 0 0 0 1 1 0 1 0 2 2 0 1 1 2 1 1 1 1 4 4 4 1 4 4 5 3 2 2 3 5 5 2 2 3 3 3 3 6 2 4 3 3 4 4 3 3 4 3 3 6 7 3 4 7 3 3 4 7 7 7 4 3 0 0 0 0 0 1 0 0 0 2 2 2 0 0 1 1 1 1 2 1 1 3 1 3 2 2 5 2 2 5 3 2 6 6 6 2 2 3 19 10 16 2 50 27 55 40 2 26 46 0 3 50 10 22 27 31 4 7 28 51 31 52 4 20 16 27 26 31 52 34 40 46 48 50 55 31 51 0 3 7 12 18 10 16 22 22 27 52 4 31 24 7 34 40 36 28 31 52 42 51 26 0 7 50 22 26 43 31 34 0 20 44 54 51 7 19 16 43 55 34 40 0 46 2 3 7 7 10 22 28 44 31 4 7 28 46 
0 0 3 0 0 0 0 0 1 0 1 1 0 4 0 2 1 1 1 1 4 4 5 1 5 5 5 2 2 2 2 6 6 2 2 3 3 3 3 6 2 3 2 2 3 3 2 3 3 3 3 7 7 3 3 7 3 3 4 7 7 7 4 3 0 3 0 0 0 0 3 0 0 1 1 1 4 0 1 4 1 4 2 1 1 2 1 2 1 1 5 2 2 5 3 2 6 6 6 2 0 3 41 10 16 26 50 27 0 40 20 44 46 7 54 0 7 16 22 27 52 55 4 46 7 28 31 44 7 16 50 4 7 27 31 2 20 22 24 55 40 26 46 51 44 46 54 3 48 7 10 4 7 16 50 28 27 31 0 31 52 55 12 51 2 35 7 20 22 44 55 31 34 2 26 50 4 51 3 28 10 31 2 31 34 20 40 26 51 54 52 3 10 55 0 22 28 31 52 34 
0 0 3 0 0 0 0 0 1 0 1 1 0 4 0 2 1 1 1 1 4 4 5 1 5 5 5 2 2 2 2 6 6 2 2 3 3 3 3 6 2 3 2 2 3 3 2 3 3 3 3 7 7 3 3 7 3 3 4 7 7 7 4 3 0 3 0 0 0 0 3 0 0 1 1 1 4 0 1 4 1 4 2 1 1 2 1 2 1 1 5 2 2 5 3 2 6 6 6 2 0 3 35 10 16 26 50 27 0 40 20 44 46 7 55 0 7 16 22 27 52 55 4 46 7 28 31 44 7 16 50 4 7 27 31 2 20 22 24 55 40 26 46 51 44 46 55 3 48 7 10 4 7 27 50 28 31 51 0 31 52 55 12 55 2 17 7 20 22 44 41 31 34 2 26 50 4 51 3 28 10 31 2 31 34 20 40 26 51 55 52 3 10 55 0 22 28 31 52 34 
0 0 3 0 0 0 0 0 1 0 1 1 0 3 0 2 1 1 1 1 4 4 4 1 4 4 5 2 1 2 2 5 5 2 2 2 3 3 3 6 2 3 2 2 3 3 2 2 3 3 3 6 6 3 3 6 3 3 3 7 7 7 3 3 0 2 0 0 0 0 3 0 0 1 1 1 3 0 0 3 1 4 2 1 1 2 1 2 1 1 5 1 2 5 2 2 5 6 6 2 0 3 11 10 16 26 50 27 0 40 20 44 46 41 55 0 3 10 16 22 7 28 31 40 52 55 4 44 58 7 46 31 52 16 22 50 0 2 20 28 31 22 34 40 24 26 51 55 44 3 7 31 52 27 46 55 31 51 48 4 7 28 50 55 2 59 7 20 22 44 17 31 34 2 26 50 35 51 58 59 7 4 2 27 31 20 34 26 46 51 7 55 3 28 48 10 55 4 7 27 
0 0 2 0 0 0 0 0 1 0 1 1 0 3 0 2 0 1 1 1 3 3 3 1 4 4 4 2 1 1 2 4 5 2 2 2 3 3 3 5 2 3 2 2 3 3 2 2 3 3 3 5 6 3 3 6 3 3 3 6 6 6 3 3 0 2 0 0 0 0 2 0 0 1 1 1 2 0 0 3 1 3 2 1 1 2 1 2 1 1 4 1 1 4 2 2 5 5 5 2 0 3 41 10 16 26 50 27 0 40 20 44 46 11 55 0 64 7 10 16 41 59 65 34 4 7 28 44 55 64 46 55 4 7 10 50 0 2 20 52 22 22 27 31 24 26 51 55 44 3 7 55 4 27 46 7 31 51 48 28 31 52 50 55 2 35 7 20 22 44 59 31 34 2 26 50 65 51 58 17 3 35 2 22 27 20 31 26 40 46 31 51 58 52 48 3 7 28 31 16 
0 0 2 0 0 0 0 0 0 0 1 1 0 3 0 1 0 1 1 1 3 3 3 1 4 4 4 2 1 1 2 4 5 2 2 2 2 2 2 5 2 2 2 2 3 3 2 2 3 3 3 5 6 3 3 6 3 3 3 6 6 6 3 3 0 2 0 0 0 0 2 0 0 0 1 1 2 0 0 3 1 3 1 1 1 1 1 1 1 1 4 1 1 4 2 2 5 5 5 2 0 3 41 10 16 26 50 27 68 40 0 20 46 11 55 44 64 7 10 16 41 59 65 34 4 7 28 0 55 64 2 55 4 7 10 26 44 46 48 52 22 70 27 31 0 22 51 55 24 3 7 55 4 27 46 7 31 51 48 28 31 52 70 55 2 35 7 20 22 44 59 31 34 70 2 26 65 51 58 17 3 35 50 22 27 68 31 70 40 46 31 51 58 52 20 3 7 28 31 16 
0 0 2 0 0 0 0 0 0 0 1 1 0 2 0 1 0 1 1 1 3 3 3 1 3 4 4 2 1 1 2 4 4 1 2 2 2 2 2 5 2 3 2 2 3 3 2 2 3 3 3 5 5 3 3 6 3 3 3 6 6 6 3 3 0 2 0 0 0 0 2 0 0 1 1 1 2 0 0 3 0 3 1 1 1 2 1 2 1 1 4 1 1 4 2 1 5 5 5 2 0 3 35 10 16 26 50 27 68 40 2 26 46 65 55 50 64 3 7 10 35 41 59 31 65 4 7 20 51 58 22 52 55 70 3 46 48 70 72 31 10 0 27 31 22 24 51 55 46 3 7 52 55 27 48 4 31 51 70 7 28 31 72 55 2 17 7 20 22 44 41 31 34 0 20 44 59 51 58 11 70 17 68 16 22 0 27 2 34 40 28 46 55 31 24 64 4 7 28 7 
0 0 2 0 0 0 0 0 0 0 1 1 0 2 0 1 0 0 1 1 2 3 3 1 3 3 3 2 1 1 2 4 4 1 1 2 2 2 2 4 2 3 2 2 3 3 2 2 3 3 3 5 5 3 3 5 3 3 3 5 5 5 3 3 0 1 0 0 0 0 2 0 0 1 1 1 2 0 0 2 0 2 1 1 1 1 1 2 1 1 3 1 1 3 2 1 4 4 4 2 0 3 11 10 16 26 50 27 68 40 2 26 46 41 55 50 64 74 3 7 75 11 17 27 35 41 59 2 46 55 22 4 7 64 70 46 48 70 72 55 7 0 27 31 22 24 51 55 46 3 7 4 7 27 48 28 31 51 70 31 52 55 72 55 2 75 7 20 22 44 17 31 34 0 20 44 35 51 58 59 70 65 68 10 16 74 22 0 31 34 65 40 51 75 24 58 28 31 52 3 
0 0 1 0 0 0 0 0 0 0 1 1 0 2 0 1 0 0 1 1 2 3 3 1 3 3 3 2 1 1 2 4 4 2 2 2 2 2 2 4 2 3 2 2 3 3 2 3 3 3 3 5 5 3 3 5 3 3 3 5 5 5 3 3 0 1 0 0 0 0 2 0 0 0 1 1 2 0 0 2 0 2 1 1 1 1 1 1 1 1 3 1 1 4 2 1 4 4 4 2 0 3 65 10 16 26 50 27 68 40 0 20 46 35 55 44 64 75 3 7 65 11 17 27 35 41 59 0 46 55 22 7 28 3 7 46 48 70 72 76 31 0 51 55 22 24 75 3 46 7 27 4 7 31 48 28 51 55 70 31 52 55 72 75 2 59 7 20 22 44 11 31 34 74 2 26 17 51 58 41 70 59 50 10 16 70 22 72 31 34 65 40 51 4 24 75 31 52 55 27 
0 0 1 0 0 0 0 0 0 0 0 1 0 2 0 1 0 0 1 1 2 3 3 1 3 3 3 2 1 1 2 4 4 2 2 2 2 2 3 4 2 3 2 2 3 3 2 3 3 3 3 5 5 3 3 5 3 3 3 5 5 5 3 3 0 1 0 0 0 0 2 0 0 0 1 1 2 0 0 2 0 2 1 1 1 2 1 2 1 1 3 1 1 4 2 1 4 4 4 2 0 3 65 10 16 26 50 27 68 40 79 2 46 35 55 72 64 75 3 7 65 11 17 27 35 41 59 24 46 55 46 7 28 3 7 70 72 79 0 76 31 22 51 55 24 46 75 3 48 7 27 4 7 31 70 28 51 55 72 31 52 55 79 75 2 59 7 20 22 44 11 31 34 74 0 70 17 51 58 41 70 59 79 10 16 0 22 22 31 34 65 40 51 4 48 75 31 52 55 27 
0 0 1 0 0 0 0 0 0 0 1 1 0 2 0 1 0 0 0 1 2 2 2 1 3 3 3 2 1 1 2 3 3 2 2 2 2 2 2 4 2 3 2 2 3 3 2 3 3 3 3 4 4 3 3 4 3 3 3 4 5 5 3 3 0 1 0 0 0 0 1 0 0 0 1 1 2 0 0 2 0 2 1 1 1 1 1 1 1 1 3 1 1 3 2 1 4 4 4 2 0 3 65 10 16 26 50 27 68 40 0 20 46 17 55 46 64 75 78 3 59 65 79 22 11 17 35 0 40 55 22 65 79 3 7 46 48 70 72 31 31 0 51 55 22 24 75 3 46 7 27 52 55 31 48 76 51 55 70 79 4 7 72 75 2 59 7 20 22 44 79 31 34 74 2 26 11 51 58 35 70 41 48 7 10 70 16 72 27 31 41 34 51 59 24 75 4 7 28 27 
0 0 1 0 0 0 0 0 0 0 1 1 0 2 0 1 0 0 0 1 2 2 2 1 3 3 3 2 1 2 2 3 4 2 2 2 2 2 2 4 2 3 2 2 3 3 3 3 3 3 3 4 4 3 3 4 3 3 3 5 5 5 3 3 0 1 0 0 0 0 1 0 0 0 1 1 1 0 0 2 0 2 1 1 1 1 1 1 1 1 3 1 1 3 2 2 4 4 4 2 0 3 41 10 16 26 50 27 68 40 0 22 46 11 55 46 64 75 79 3 41 59 65 27 11 17 35 0 75 3 22 65 4 27 31 46 48 70 72 52 55 0 75 79 22 24 3 7 46 27 31 55 76 51 48 79 55 75 70 4 7 28 72 79 2 35 7 20 22 44 59 31 34 74 2 24 65 51 58 17 70 35 48 7 10 70 16 72 31 51 41 55 79 59 24 7 7 28 31 51 
0 0 1 0 0 0 0 0 0 0 1 1 0 1 0 1 0 0 0 0 2 2 2 1 2 2 2 2 1 2 2 3 3 2 2 2 2 2 2 4 2 3 2 2 3 3 3 3 3 3 3 4 4 3 3 4 3 3 3 4 4 4 3 3 0 1 0 0 0 0 1 0 0 0 1 1 1 0 0 1 0 2 1 1 1 1 1 1 1 1 3 1 1 3 2 2 3 3 3 2 0 3 35 10 16 26 50 27 68 40 0 22 46 65 55 46 64 75 79 82 17 35 41 27 59 65 83 0 75 3 22 35 41 27 31 46 48 70 72 4 55 0 75 79 22 24 3 7 46 27 31 7 28 51 48 31 55 75 70 52 55 76 72 79 2 17 7 20 22 44 41 31 34 74 2 24 59 51 58 83 70 11 48 3 7 70 10 72 31 51 11 55 79 17 24 7 59 65 83 51 
0 0 1 0 0 0 0 0 0 0 1 1 0 1 0 1 0 0 0 0 1 2 2 1 2 2 2 2 1 2 2 2 3 2 2 2 2 2 2 3 2 3 2 2 3 3 3 3 3 3 3 3 3 3 3 3 3 3 3 4 4 4 3 3 0 1 0 0 0 0 1 0 0 0 1 1 1 0 0 1 0 1 1 0 1 1 1 1 1 1 2 1 1 2 2 2 3 3 3 2 0 3 17 10 16 26 50 27 68 40 0 22 46 59 55 46 64 75 79 82 89 11 17 27 35 41 59 0 75 3 22 89 11 27 31 46 48 70 72 59 55 0 75 79 22 24 3 7 46 27 31 65 83 51 48 89 55 75 70 4 7 28 72 79 2 11 7 20 22 44 35 31 34 74 2 24 41 51 58 65 70 83 48 88 3 70 7 72 31 51 65 55 79 83 24 7 17 35 41 51 
0 0 1 0 0 0 0 0 1 0 1 1 0 1 0 1 0 0 0 0 1 2 2 1 2 2 2 2 1 2 2 2 3 2 2 2 2 2 3 3 2 3 2 2 3 3 3 3 3 3 3 3 3 3 3 3 3 3 3 4 4 4 3 3 0 1 0 0 0 0 1 0 0 1 1 1 1 0 0 1 0 1 1 0 1 2 1 2 1 1 2 1 1 2 2 2 3 3 3 2 0 3 17 10 16 26 94 27 0 40 24 48 46 59 55 72 64 75 79 82 89 11 17 27 35 41 59 24 75 3 46 89 11 27 31 70 72 94 0 59 55 22 75 79 24 46 3 7 48 27 31 65 83 51 70 89 55 75 72 4 7 28 94 79 2 11 7 20 22 44 35 31 34 22 46 70 41 51 58 65 70 83 94 88 3 0 7 22 31 51 65 55 79 83 48 7 17 35 41 51 
0 0 1 0 0 1 1 0 1 0 1 1 0 1 0 2 0 0 0 0 1 2 2 1 2 2 2 2 1 2 2 2 3 2 2 2 2 3 3 3 2 3 2 2 3 3 3 3 3 3 3 3 3 3 3 3 3 3 3 4 4 4 3 3 0 1 0 0 0 1 1 0 0 1 1 1 1 0 0 1 0 1 2 0 1 2 1 2 1 1 2 1 1 2 2 2 3 3 3 2 0 3 17 10 16 0 24 27 46 40 70 94 46 59 55 0 64 75 79 82 89 11 17 27 35 41 59 48 75 3 70 89 11 27 31 94 96 0 22 59 55 24 75 79 46 48 3 7 70 27 31 65 83 51 72 89 55 75 94 4 7 28 96 79 94 11 7 96 22 22 35 31 34 48 72 96 41 51 58 65 70 83 22 88 3 24 7 46 31 51 65 55 79 83 72 7 17 35 41 51 
