0 3 3 2 1 2 4 3 0 3 4 4 1 4 2 4 8 5 0 4 2 5 1 0 3 8 1 0 3 4 
0 1 3 2 0 2 4 3 1 3 2 3 2 4 1 0 0 5 1 5 3 5 1 1 3 9 8 5 8 5 
0 0 3 2 0 2 4 2 1 3 1 3 2 4 1 0 10 5 1 5 3 5 9 1 2 0 8 5 8 5 
0 1 3 0 0 1 4 2 1 2 2 3 2 4 1 0 0 5 10 5 10 5 2 1 9 4 8 5 8 5 
0 1 0 2 0 2 1 3 1 3 3 4 2 4 1 0 0 10 2 5 8 10 5 1 7 9 5 4 7 5 
0 1 1 2 0 2 2 3 0 3 1 4 1 4 1 0 0 11 2 5 8 5 5 10 7 10 5 1 7 5 
0 0 1 1 0 2 2 3 0 3 1 4 1 4 1 0 10 12 10 5 8 5 5 11 7 0 5 1 7 5 
0 0 1 1 0 1 2 2 0 3 0 3 1 4 1 5 0 2 0 11 10 5 8 1 5 10 7 12 5 5 
0 0 1 0 0 1 1 2 0 2 2 2 1 3 1 5 0 2 10 12 0 10 5 1 7 9 15 13 5 5 
0 0 1 0 0 1 1 2 0 2 0 2 1 3 1 5 0 2 11 13 0 11 5 1 7 10 15 14 5 5 
0 0 1 0 0 0 1 1 0 1 2 2 1 2 1 5 0 2 10 14 12 12 0 1 10 9 5 15 7 5 
0 1 0 0 0 1 1 1 0 1 1 2 1 2 1 5 14 12 10 15 0 2 10 1 12 19 5 15 7 5 
0 1 0 0 0 0 0 0 1 1 1 1 1 1 1 5 4 2 0 15 10 12 21 15 0 14 2 19 12 5 
0 1 0 0 0 0 0 0 1 0 1 1 1 1 1 5 4 2 0 15 10 12 20 15 22 14 2 19 12 5 
0 0 0 0 0 0 0 0 1 1 1 1 1 1 1 5 24 2 0 15 10 12 22 15 2 4 12 19 23 5 
0 0 1 0 0 0 1 0 0 0 0 1 1 1 1 5 4 18 0 15 2 23 10 22 12 14 2 14 12 5 
0 0 1 0 0 0 1 0 0 1 0 1 1 1 1 5 4 18 2 15 12 24 21 23 2 14 12 14 22 5 
0 0 1 0 0 0 1 0 0 1 0 1 1 1 1 5 4 18 2 15 12 25 22 24 2 14 12 14 22 5 
0 0 1 0 0 0 1 0 0 1 1 1 1 1 1 5 4 18 2 15 12 25 22 25 2 28 12 14 22 5 
0 0 1 0 0 0 1 0 1 1 0 1 1 1 0 5 4 24 2 15 12 27 22 4 2 14 8 14 18 25 
0 0 1 0 0 0 1 0 1 1 0 1 1 1 0 5 4 24 2 15 12 27 34 4 8 14 18 14 34 25 
0 0 0 0 0 0 1 1 1 1 0 1 1 1 0 5 4 34 2 15 12 25 8 4 18 14 28 14 35 25 
0 0 0 0 0 0 1 1 1 1 1 1 1 1 0 5 4 35 2 15 12 25 8 4 18 37 28 14 35 25 
0 0 1 0 0 1 1 1 0 1 0 1 1 1 0 5 4 15 2 15 8 25 18 35 28 12 35 4 37 25 
0 0 1 0 0 1 1 1 0 1 1 1 1 1 0 5 2 15 38 15 8 25 18 34 28 39 35 4 37 25 
0 0 1 0 0 1 1 1 0 1 1 1 1 1 0 5 39 15 44 15 18 25 28 35 35 9 37 5 44 25 
0 0 1 0 0 1 1 1 0 1 1 1 1 1 0 5 39 15 45 15 18 25 28 35 35 9 37 5 45 25 
