0 10 1 9 12 13 14 15 10 16 22 17 5 18 12 8 9 11 2 19 3 19 4 20 21 11 23 24 6 7 0 1 0 0 1 1 1 1 0 1 0 1 0 1 0 0 1 1 0 0 0 2 0 0 0 0 0 0 0 0 
0 10 1 0 12 13 14 15 1 16 21 17 5 18 3 8 9 11 2 19 3 19 4 20 20 2 21 22 6 7 1 1 1 0 1 1 1 1 0 1 0 1 1 1 0 1 1 1 1 0 1 3 1 0 3 0 3 0 1 1 
0 9 1 7 10 11 11 12 8 13 4 14 5 15 13 8 9 10 2 0 3 1 4 2 3 12 5 6 6 7 0 3 0 5 3 0 3 3 5 3 4 3 0 3 1 1 0 0 0 4 0 4 0 4 4 1 4 4 0 1 
0 1 1 8 3 4 5 6 11 7 13 9 5 10 13 8 0 2 2 9 3 10 4 11 12 12 14 15 6 7 1 5 1 5 5 5 5 5 1 5 4 3 1 3 1 1 5 5 1 0 1 0 1 4 4 1 4 4 1 1 
0 2 0 1 4 5 6 7 2 8 13 9 4 10 4 7 1 3 1 8 2 9 3 11 12 3 14 15 5 6 1 5 5 8 5 5 5 5 8 3 4 3 1 3 8 1 5 5 1 0 1 0 1 4 4 8 4 4 1 1 
0 2 0 0 4 5 6 7 8 8 5 9 4 10 10 7 1 3 1 1 2 2 3 3 4 9 6 7 5 6 1 7 5 9 7 7 7 7 1 3 4 3 0 3 1 0 7 7 0 4 0 4 0 4 4 1 4 4 0 0 
0 1 0 4 3 4 5 6 5 7 3 8 4 9 7 7 0 2 1 1 2 1 3 2 2 6 3 4 5 6 1 7 8 11 7 7 7 7 5 7 4 3 0 3 5 1 5 7 0 4 0 10 0 4 10 5 10 4 1 1 
0 1 0 5 2 2 3 4 6 5 4 6 4 7 7 7 0 1 1 1 2 2 3 3 3 6 4 5 5 6 1 7 8 11 7 10 7 7 5 7 4 7 0 7 5 1 5 10 0 4 0 4 0 4 10 11 10 4 0 1 
0 1 0 2 2 3 3 4 3 5 5 6 4 7 5 7 1 2 1 0 2 0 3 1 4 4 6 7 5 6 0 11 8 5 11 7 11 11 5 11 8 11 1 11 5 1 7 7 0 4 1 12 1 4 8 5 8 8 1 1 
0 1 0 2 2 2 3 4 3 5 5 6 4 7 5 7 0 1 1 0 2 1 3 3 4 4 6 7 5 6 0 7 8 5 7 11 11 11 5 11 8 11 1 11 5 1 13 11 0 4 1 4 1 8 8 5 8 8 1 1 
0 0 0 0 1 2 3 4 1 5 3 6 4 7 3 7 0 1 1 1 2 2 3 2 3 2 4 4 5 6 1 19 8 5 19 19 19 19 5 19 12 19 1 19 5 1 13 11 1 8 1 8 1 12 8 5 8 12 1 1 
0 1 0 0 2 2 3 4 3 5 2 6 4 7 4 7 0 1 1 0 2 1 3 1 2 4 3 3 5 6 1 3 19 5 3 11 3 3 13 3 8 3 19 3 13 19 11 11 19 8 19 0 19 8 0 1 0 8 19 19 
0 1 0 0 2 2 3 3 0 4 6 4 4 5 1 7 0 1 1 0 2 0 3 5 6 1 7 7 5 6 1 3 19 5 3 27 3 27 25 3 28 27 19 3 13 19 27 27 19 8 19 12 19 28 4 1 4 28 19 19 
0 0 0 0 1 1 2 2 0 2 5 3 4 3 0 7 0 1 1 3 2 4 3 4 4 0 6 7 5 6 1 43 19 5 27 43 3 27 13 43 44 3 19 27 37 19 27 3 19 44 19 4 19 28 44 25 44 44 19 19 
0 0 0 0 4 5 5 6 0 6 3 7 2 7 0 4 0 1 1 1 1 2 2 2 3 0 4 4 3 3 19 27 43 1 44 20 44 20 13 44 28 20 43 44 37 19 3 3 19 28 43 4 19 28 4 25 4 28 19 43 
0 0 0 0 4 5 5 6 0 6 4 7 2 7 0 4 0 0 1 0 1 1 2 2 3 0 5 6 3 3 19 27 43 1 44 20 44 20 13 44 68 20 43 44 37 19 3 51 19 68 43 68 19 68 68 25 68 68 19 43 
0 3 0 0 4 4 4 5 0 5 7 5 1 6 0 2 3 3 0 0 1 0 1 6 6 0 7 7 2 2 19 44 43 1 20 44 68 20 13 44 20 68 67 20 37 67 20 68 67 4 19 28 43 44 68 25 44 68 19 43 
0 3 0 0 4 4 4 5 0 5 4 5 1 6 0 2 3 3 0 0 1 1 1 2 3 0 5 6 2 2 19 44 43 1 20 44 68 20 5 44 92 68 67 20 25 67 20 68 67 92 19 92 43 92 92 13 92 44 19 43 
