0 0 0 2 2 2 2 2 0 3 3 3 4 0 0 0 3 5 4 1 6 6 4 4 1 4 1 1 5 5 5 2 3 6 5 7 5 5 5 6 6 6 4 7 7 6 7 6 6 6 7 4 7 5 7 5 7 6 7 7 7 7 7 7 0 2 1 2 2 0 3 3 3 3 4 4 3 3 5 1 3 5 1 4 4 1 4 6 1 4 6 2 5 2 2 6 6 6 3 7 0 6 12 12 7 23 16 22 13 16 22 6 22 16 19 22 17 16 0 6 4 5 6 11 13 17 19 22 0 4 6 19 13 19 9 4 11 17 23 0 2 9 13 6 7 11 8 17 20 23 0 19 16 13 19 19 2 13 9 11 17 20 13 23 3 3 12 5 17 9 0 2 8 4 8 16 9 11 8 0 23 22 3 2 4 9 9 6 16 23 7 0 2 9 13 8 16 22 19 5 
0 0 0 1 2 3 1 2 0 2 3 3 4 0 0 0 3 5 4 1 6 6 4 4 1 4 1 1 4 5 5 2 2 7 5 7 5 5 5 5 5 6 3 7 7 6 7 6 6 6 6 4 7 4 7 5 6 5 7 7 7 7 6 7 0 2 0 2 2 0 3 3 2 3 3 4 3 3 5 1 3 6 1 4 4 1 4 6 1 4 6 2 5 2 2 6 6 7 3 7 0 6 12 12 7 0 22 12 13 22 8 9 16 16 19 23 22 16 0 6 5 6 6 11 13 17 19 23 24 2 4 19 23 2 6 11 9 11 17 22 24 0 19 15 17 2 18 9 11 17 20 13 19 19 23 13 24 19 0 9 13 20 13 24 3 3 22 5 17 9 2 4 16 6 16 8 11 17 8 0 24 4 3 2 4 9 9 7 16 22 8 0 0 9 13 19 23 3 13 12 
0 0 0 0 2 3 1 1 0 2 2 3 3 0 0 0 3 3 4 1 4 4 4 4 1 4 1 1 4 5 5 2 2 6 5 7 5 5 5 5 5 6 3 7 7 6 7 6 6 6 6 4 7 4 7 5 6 5 7 7 7 7 6 7 0 2 0 2 2 0 3 3 1 3 2 2 3 3 3 1 3 4 1 4 4 1 4 5 1 4 5 2 5 2 2 5 6 6 3 7 0 6 12 26 7 0 12 22 13 12 16 9 8 16 19 23 22 26 0 6 16 26 6 11 13 17 19 23 24 2 4 19 23 23 6 2 9 11 17 22 24 0 19 11 12 2 15 9 11 17 20 13 17 19 18 13 24 19 0 9 13 20 13 24 3 3 22 5 17 9 2 4 26 6 22 26 11 17 16 0 24 8 3 2 4 9 9 8 16 22 16 0 0 9 13 26 19 26 13 3 
0 0 0 1 2 2 1 2 0 2 3 3 4 0 0 0 3 4 3 1 5 5 3 4 1 4 1 1 4 4 4 2 2 6 4 6 5 5 5 5 5 5 3 6 6 5 6 5 6 6 6 4 6 4 7 5 6 5 7 7 7 7 6 7 0 0 0 1 2 0 2 2 2 3 3 4 3 3 4 1 3 5 1 3 3 1 4 5 1 4 5 2 4 2 2 5 6 6 3 6 0 6 12 12 3 7 22 12 13 22 8 2 7 16 19 23 9 16 17 6 5 6 26 2 13 4 19 23 11 22 24 19 23 3 26 12 0 2 9 11 17 22 19 18 19 24 23 26 0 9 20 13 26 19 15 13 24 19 0 9 13 20 13 24 3 26 22 26 5 9 17 26 16 0 16 6 4 6 8 0 11 4 3 22 24 9 0 7 16 9 8 0 17 9 13 16 2 11 13 17 
0 0 0 1 2 2 1 2 0 2 2 3 3 0 0 0 3 4 3 1 4 4 4 4 1 4 1 1 4 4 4 2 2 5 5 5 5 5 5 5 5 5 2 5 6 5 6 5 6 6 6 3 6 3 7 4 6 5 7 7 7 7 6 7 0 2 0 2 2 0 3 3 2 3 3 3 3 3 4 0 3 4 1 3 4 1 4 4 1 4 5 1 4 1 2 5 5 5 2 5 0 6 12 12 7 26 22 12 13 22 28 6 28 16 19 23 17 7 24 3 16 19 2 9 9 11 16 19 20 24 26 9 13 7 0 16 2 9 11 17 20 22 23 28 2 24 3 26 0 9 20 13 11 19 15 13 24 13 0 9 13 20 13 24 3 3 22 5 17 9 0 2 16 4 8 16 9 11 6 26 22 8 0 26 0 6 4 28 13 17 4 23 22 26 0 5 6 8 19 19 
0 0 0 0 2 2 1 1 0 2 2 3 3 0 0 0 3 3 3 1 4 4 4 4 1 4 1 1 4 4 4 2 2 4 5 5 5 5 5 5 5 5 2 5 5 5 5 5 6 6 6 3 5 3 7 4 6 5 7 7 7 7 6 7 0 2 0 2 2 0 2 3 1 3 2 3 3 3 3 0 3 4 1 3 3 1 4 4 1 4 4 1 4 1 2 4 4 4 2 5 0 6 12 29 7 26 12 22 13 12 16 4 16 16 19 23 11 29 22 3 5 6 0 9 9 11 16 19 20 24 26 9 13 28 0 4 2 9 11 17 20 22 23 6 7 24 8 26 0 9 20 13 19 19 15 13 24 13 0 9 13 20 13 24 3 3 22 5 17 9 28 0 29 2 22 8 6 9 28 26 17 4 0 24 26 6 2 7 13 17 8 23 22 26 0 16 19 29 19 5 
0 0 0 1 2 2 1 2 0 2 2 3 3 0 0 0 3 3 3 1 3 3 4 4 1 4 1 1 4 4 4 2 2 4 5 4 5 5 5 5 5 5 2 4 4 5 4 5 6 6 6 3 5 3 7 4 6 5 7 7 7 7 6 7 0 0 0 1 2 0 2 2 2 2 3 3 3 3 3 0 3 3 1 3 3 1 4 3 1 4 4 1 4 1 2 4 4 4 2 4 0 6 12 12 3 7 22 12 13 22 30 0 6 16 19 23 11 8 22 3 28 29 0 9 9 11 16 19 20 24 26 9 13 7 0 16 2 9 11 17 20 22 23 28 29 24 30 26 0 9 20 13 19 19 15 13 24 13 0 9 13 20 13 24 3 29 22 29 5 9 17 26 16 28 4 5 2 9 7 26 17 16 0 24 26 6 2 30 13 17 4 23 22 26 0 5 6 8 19 19 
0 0 0 1 2 2 1 2 0 2 3 3 3 0 0 0 3 3 3 1 3 3 4 4 1 4 1 1 4 4 5 1 2 4 5 4 5 5 5 5 5 5 2 4 4 6 5 6 6 6 6 2 5 2 7 3 6 4 7 7 7 7 5 7 0 2 0 2 2 0 2 2 2 3 3 3 3 3 3 0 3 3 0 3 3 1 4 3 1 4 3 1 4 1 1 4 4 4 2 4 0 6 12 12 7 26 22 12 13 22 4 2 7 16 19 23 17 16 22 0 28 29 0 9 6 11 13 16 20 26 0 29 0 6 2 8 9 11 17 20 24 26 13 19 23 0 19 9 12 14 20 19 23 23 15 13 24 13 0 9 13 20 13 24 3 3 22 5 17 9 28 30 16 0 5 6 9 11 8 26 20 19 29 24 26 3 2 30 9 17 31 19 24 23 26 4 5 7 9 16 
0 0 0 0 2 2 1 1 0 2 2 3 3 0 0 0 3 3 3 1 3 3 4 4 1 4 1 1 4 4 5 1 2 3 5 4 5 5 5 5 5 5 2 4 4 6 5 6 6 6 6 2 5 2 7 3 6 4 7 7 7 7 5 7 0 2 0 2 2 0 2 2 1 3 2 2 3 3 3 0 3 3 0 3 3 1 4 3 1 4 3 1 4 1 1 3 3 3 2 4 0 6 12 32 7 26 12 22 13 12 16 2 4 16 19 23 17 6 22 0 8 16 0 9 6 11 13 16 20 26 0 29 0 31 2 4 9 11 17 20 24 26 13 19 23 0 19 9 12 14 20 19 23 23 15 13 24 13 0 9 13 20 13 24 3 3 22 5 17 9 28 30 32 0 22 32 9 11 5 26 20 7 29 24 26 3 2 19 9 17 28 19 24 23 26 29 30 32 9 5 
0 0 0 1 2 2 1 2 0 2 3 2 3 0 0 0 3 3 3 1 4 5 3 3 1 4 1 1 4 4 4 1 2 5 4 5 4 4 5 5 5 5 2 5 6 5 6 6 6 6 6 2 7 2 7 3 6 4 7 7 7 7 5 7 0 0 0 1 2 0 2 2 2 2 3 3 2 3 3 0 3 4 0 3 3 1 3 5 1 4 5 1 4 1 1 5 5 5 2 5 0 6 12 12 3 7 22 12 13 22 4 30 7 16 19 23 2 23 11 0 23 2 24 32 6 0 13 16 9 17 20 31 0 18 24 23 26 32 0 9 20 24 13 27 15 32 33 0 9 13 20 19 15 23 33 13 24 13 0 9 13 20 13 24 3 29 22 29 5 9 17 26 16 28 5 6 32 0 19 26 9 19 31 17 20 3 26 3 9 2 11 19 11 23 26 12 17 19 9 26 
0 0 0 1 2 2 1 2 0 3 3 2 4 0 0 0 2 4 3 0 4 4 3 3 1 3 1 1 4 4 4 1 1 5 4 5 5 5 5 5 5 6 2 5 5 6 5 6 6 6 6 2 6 2 7 3 7 4 7 7 7 7 5 7 0 2 0 2 2 0 2 2 2 2 4 4 2 2 4 0 3 4 0 3 3 1 3 4 1 3 4 1 4 1 1 5 5 5 1 5 0 6 12 12 7 11 22 16 13 19 23 26 11 16 19 23 33 17 2 32 19 23 17 24 3 26 9 13 0 20 24 26 29 11 33 17 0 9 20 24 33 0 0 19 23 9 26 13 20 24 33 13 15 19 15 13 0 13 9 13 20 24 13 33 3 3 22 5 9 9 17 22 32 24 2 3 28 30 12 26 0 18 29 9 11 0 20 26 6 33 27 16 9 19 23 2 3 12 32 18 
0 0 0 0 2 2 1 1 0 2 2 2 3 0 0 0 2 4 3 0 4 4 3 3 1 3 1 1 4 4 4 1 1 4 4 4 5 5 5 5 5 6 2 5 5 6 5 6 6 6 6 2 6 2 7 3 7 4 7 7 7 7 5 7 0 2 0 2 2 0 2 2 1 2 2 3 2 2 3 0 3 4 0 3 3 1 3 4 1 3 4 1 4 1 1 4 4 4 1 5 0 6 12 32 7 11 12 22 13 16 32 26 23 16 19 23 33 2 2 33 11 12 17 24 3 26 9 13 0 20 24 26 29 26 33 35 0 9 20 24 33 0 0 3 11 9 12 13 20 24 33 13 15 19 15 13 0 13 9 13 20 24 13 33 3 3 22 5 9 9 17 22 32 24 35 19 28 30 35 26 0 3 29 9 11 0 20 17 6 33 18 16 9 19 23 19 23 27 33 2 
0 0 0 0 2 2 0 1 0 1 1 2 3 0 0 0 2 3 3 0 3 3 3 3 1 3 1 1 4 4 4 1 1 4 4 4 5 5 5 5 5 6 2 4 4 6 4 6 6 6 6 2 6 2 7 3 7 4 7 7 7 7 5 7 0 2 0 2 2 0 2 2 1 2 2 2 2 2 3 0 2 3 0 3 3 1 3 4 1 3 4 1 4 1 1 4 4 4 1 4 0 6 12 32 7 11 36 12 13 32 36 26 19 16 19 23 33 26 0 33 35 36 11 20 3 24 9 13 0 20 24 26 29 17 33 19 0 9 20 24 33 0 0 26 27 9 35 13 20 24 33 13 15 19 15 13 0 13 9 13 20 24 13 33 3 3 22 5 9 9 17 22 22 24 16 32 28 30 23 26 35 27 29 2 9 0 17 2 6 33 3 16 9 19 23 11 12 18 33 23 
0 0 0 0 2 2 1 1 0 2 2 2 2 0 0 0 2 2 3 0 3 3 3 3 1 4 1 1 4 4 4 1 1 3 5 3 5 5 5 5 5 6 2 4 6 6 6 6 6 6 6 2 7 2 7 3 7 4 7 7 7 7 5 7 0 0 0 1 2 0 2 2 1 2 2 2 2 2 2 0 2 3 0 3 3 1 3 3 1 4 3 1 4 1 1 3 3 3 1 3 0 6 12 32 3 7 12 22 13 16 28 22 31 16 19 23 33 35 0 33 3 11 24 36 3 0 9 13 20 33 36 26 29 23 0 27 9 20 24 33 36 0 0 2 15 9 37 13 20 24 33 13 15 19 37 13 0 13 9 13 20 24 13 33 3 36 22 36 5 9 9 11 32 17 29 30 24 26 32 26 36 2 29 9 20 0 33 12 6 9 17 16 24 19 23 18 19 26 33 35 
0 0 0 0 1 2 1 1 0 2 2 2 2 0 0 0 2 2 3 0 2 2 3 4 1 4 1 1 4 4 5 1 1 3 5 3 5 5 5 5 6 6 2 3 3 6 6 6 6 6 6 2 7 2 7 3 7 4 7 7 7 7 5 7 0 1 0 1 2 0 2 2 1 2 2 2 2 2 2 0 3 2 0 3 3 0 3 2 1 4 2 1 4 1 1 3 3 3 1 3 0 6 12 32 31 2 8 12 13 4 5 22 8 16 19 23 33 28 9 33 30 31 33 0 0 9 9 13 24 37 0 26 33 11 9 17 20 24 33 37 0 9 13 19 23 13 15 20 24 33 37 19 15 36 33 13 0 13 9 13 20 24 13 37 3 6 22 29 0 9 9 11 22 17 6 7 24 26 16 26 0 29 29 20 24 36 37 32 3 20 35 16 33 19 23 2 3 12 36 18 
0 0 0 0 0 1 0 1 0 1 2 2 2 0 0 0 2 2 2 1 2 2 2 3 1 3 1 1 3 4 4 2 2 3 4 6 4 4 5 5 5 5 3 7 7 5 7 6 6 6 6 3 7 4 7 4 6 5 6 6 7 7 5 7 0 0 0 0 1 0 1 1 1 1 2 2 2 2 2 0 2 2 0 2 2 1 2 2 1 3 2 1 3 1 1 3 3 6 2 7 0 9 8 22 31 5 36 12 16 36 4 0 7 19 23 26 11 16 22 0 29 30 33 0 13 9 19 23 24 0 9 13 19 11 20 39 24 33 0 9 20 24 13 9 15 33 24 0 9 13 20 37 33 13 39 37 24 13 33 37 13 20 37 37 3 6 12 29 3 13 7 29 22 31 5 6 2 9 8 33 17 28 37 24 26 9 35 31 16 20 32 26 33 33 37 2 3 15 37 0 
0 0 0 0 0 1 0 0 0 1 1 2 2 0 0 0 2 2 2 1 2 2 2 3 1 3 1 1 3 4 4 2 2 2 4 6 4 4 5 5 5 5 3 7 7 5 7 6 6 6 6 3 7 4 7 4 6 5 6 6 7 7 5 7 0 0 0 0 1 0 1 1 1 1 1 2 2 2 2 0 2 2 0 2 2 1 2 2 1 3 2 1 3 1 1 2 2 6 2 7 0 9 8 22 31 5 36 40 16 22 36 0 5 19 23 26 11 7 22 0 16 28 33 0 13 9 19 23 24 0 9 13 19 40 20 39 24 33 0 9 20 24 13 9 15 33 24 0 9 13 20 37 33 13 39 37 24 13 33 37 13 20 37 37 3 6 12 29 3 13 7 29 12 31 40 4 2 9 6 33 17 8 37 24 26 9 35 29 16 20 30 26 33 33 37 31 32 15 37 0 
0 0 0 0 0 1 0 1 0 1 2 1 2 0 0 0 2 2 2 1 2 2 2 2 1 3 1 1 3 3 4 2 2 6 4 6 4 4 4 5 5 5 3 7 7 5 7 5 6 6 6 3 7 4 7 4 6 5 6 6 7 7 5 7 0 0 0 0 0 0 1 1 1 1 2 2 1 2 2 0 2 2 0 2 2 1 2 2 1 3 2 1 3 1 1 2 2 6 2 7 0 9 8 22 31 3 36 12 16 36 4 31 7 19 23 26 2 16 11 0 23 28 26 35 13 0 19 23 20 33 0 13 19 15 9 39 20 24 33 0 9 20 13 9 15 24 24 33 0 9 13 37 33 13 39 37 20 13 24 37 13 20 37 37 3 6 12 29 40 13 5 7 22 29 5 6 40 0 8 33 9 22 37 17 24 9 33 29 16 9 30 26 24 33 37 31 41 33 37 0 
0 0 0 0 0 0 1 1 0 2 2 1 2 0 0 0 2 2 2 1 2 2 2 2 1 2 1 1 3 3 3 1 2 6 3 6 4 4 4 4 4 5 3 7 7 5 7 5 5 5 6 3 7 4 7 4 6 5 6 6 7 7 5 7 0 0 0 0 0 0 1 1 1 1 2 2 1 2 2 0 2 2 0 2 2 1 2 2 1 2 2 1 3 1 1 6 6 6 2 7 0 13 12 36 7 31 12 22 19 4 5 29 8 23 26 33 2 19 11 0 23 28 24 33 13 35 19 23 0 20 24 40 13 24 33 39 0 9 20 24 33 0 13 9 15 9 24 20 24 33 0 37 33 13 39 37 13 13 20 37 13 20 37 37 9 3 22 5 29 16 3 5 36 7 6 7 31 0 16 37 9 22 40 17 20 9 26 29 16 41 30 26 9 33 37 9 15 33 37 0 
0 0 0 0 0 0 0 1 0 1 1 1 2 0 0 0 2 2 2 1 2 2 2 2 1 2 1 1 3 3 3 1 2 6 3 6 4 4 4 4 4 5 3 7 7 5 7 5 5 5 6 3 7 4 7 4 6 5 6 6 7 7 5 7 0 0 0 0 0 0 1 1 1 1 2 2 1 2 2 0 2 2 0 2 2 1 2 2 1 2 2 1 3 1 1 6 6 6 2 7 0 13 12 36 7 31 40 12 19 36 40 29 6 23 26 33 2 8 11 0 19 22 24 33 13 35 19 23 0 20 24 41 13 24 33 39 0 9 20 24 33 0 13 9 15 9 24 20 24 33 0 37 33 13 39 37 13 13 20 37 13 20 37 37 9 3 22 5 29 16 3 5 22 7 4 5 31 0 7 37 9 16 41 17 20 9 26 23 16 41 43 26 9 33 37 9 15 33 37 0 
0 0 0 0 0 0 1 1 0 2 2 1 2 0 0 0 1 3 2 1 5 6 2 2 1 2 1 1 2 3 3 1 2 6 3 7 3 4 4 4 4 4 3 7 7 5 7 5 5 5 5 3 7 4 7 4 6 5 6 6 7 7 5 7 0 0 0 0 0 0 0 1 1 1 2 2 1 1 2 0 2 4 0 2 2 1 2 6 1 2 6 1 3 1 1 6 6 6 2 7 0 13 12 36 7 31 12 22 19 19 23 7 41 23 26 33 40 44 2 0 44 0 17 24 13 26 19 23 43 9 20 42 13 39 24 0 33 0 9 20 24 33 13 15 24 0 33 9 20 24 33 37 39 13 44 37 13 13 20 37 13 20 37 37 9 3 22 5 29 16 40 3 36 5 35 36 29 31 42 37 0 44 42 9 11 9 20 9 16 33 15 26 0 33 37 24 33 44 37 9 
0 0 0 0 0 0 1 1 0 1 1 1 2 0 0 0 1 2 2 0 2 6 2 3 1 3 1 1 3 3 4 1 2 6 4 7 4 4 4 4 5 5 3 7 7 5 7 5 5 5 6 3 7 4 7 4 6 5 6 6 7 7 5 7 0 0 0 0 0 0 1 1 1 1 2 2 1 1 2 0 2 2 0 2 2 1 2 6 1 3 6 1 3 1 1 6 6 7 2 7 0 13 12 36 7 31 12 22 19 36 40 26 11 23 26 33 41 17 9 43 19 0 33 0 9 9 16 19 24 44 0 43 13 39 9 9 20 24 33 44 0 9 13 24 33 20 39 24 33 44 13 37 44 13 45 37 20 13 37 44 13 20 37 37 9 3 22 5 29 16 3 5 32 7 2 3 28 30 12 37 0 18 40 20 24 0 44 9 13 20 15 23 33 33 37 24 33 0 37 15 
0 0 0 0 0 0 0 1 0 1 1 1 2 0 0 0 1 2 2 0 2 6 2 3 1 3 1 1 3 3 4 1 2 6 4 7 4 4 4 4 5 5 3 7 7 5 7 5 5 5 6 3 7 4 7 4 6 5 6 6 7 7 5 7 0 0 0 0 0 0 1 1 1 1 1 1 1 1 2 0 2 2 0 2 2 1 2 6 1 3 6 1 3 1 1 6 6 7 2 7 0 13 12 36 7 31 46 12 19 32 36 26 2 23 26 33 41 11 9 43 17 0 33 0 9 9 16 19 24 44 0 43 13 39 9 9 20 24 33 44 0 9 13 24 33 20 39 24 33 44 13 37 44 13 45 37 20 13 37 44 13 20 37 37 9 3 22 5 29 16 3 5 22 7 40 46 28 30 3 37 0 12 40 20 24 0 44 9 13 20 15 23 33 33 37 24 33 0 37 15 
0 0 0 0 0 0 1 1 0 1 1 1 2 0 0 0 1 6 1 0 6 6 2 2 1 2 1 1 3 3 3 1 2 7 3 7 4 4 4 4 4 4 3 7 7 5 7 5 5 5 5 3 7 4 7 4 5 5 6 6 6 6 5 7 0 0 0 0 0 0 0 1 1 1 2 2 1 1 6 0 1 6 0 2 2 1 2 6 1 3 7 1 3 1 1 7 7 7 2 7 0 13 12 36 7 31 12 22 19 36 40 7 11 23 26 33 30 9 46 43 24 33 20 33 9 44 16 19 9 24 33 43 13 20 44 24 0 9 20 24 33 44 13 37 38 0 39 9 20 24 33 37 44 13 45 37 44 13 13 20 37 44 37 13 9 3 22 5 29 16 46 3 32 5 2 3 26 28 0 37 41 15 40 0 9 0 24 39 13 0 0 23 20 33 37 9 15 21 37 33 
0 0 0 0 0 0 0 1 0 1 1 1 3 0 0 0 1 5 1 0 6 6 2 2 1 2 1 1 3 3 3 1 2 7 3 7 3 4 4 4 4 4 3 7 7 4 7 5 5 5 5 3 7 4 7 4 5 5 5 6 6 6 5 6 0 0 0 0 0 0 0 1 1 1 1 1 1 1 4 0 1 6 0 2 2 1 2 6 1 2 6 1 3 1 1 6 6 7 2 7 0 13 12 36 7 31 40 12 19 22 32 7 48 23 26 33 28 48 41 46 9 15 20 33 9 44 19 23 0 20 24 46 13 0 33 13 44 0 9 20 24 33 13 15 20 44 21 0 9 20 24 37 24 13 33 37 33 13 44 13 20 37 37 44 9 3 22 5 29 16 41 3 16 5 36 40 17 26 48 37 30 0 43 0 9 0 24 24 13 47 33 33 9 37 43 39 48 9 37 14 
0 0 0 0 0 0 0 0 0 1 1 1 1 0 0 0 1 5 1 0 5 6 2 2 1 2 1 1 3 3 3 1 2 6 3 7 3 3 4 4 4 4 3 7 7 4 7 4 4 5 5 3 7 4 7 4 5 5 5 6 6 6 5 6 0 0 0 0 0 0 0 1 1 1 1 1 1 1 1 0 1 5 0 2 2 1 2 6 1 2 6 1 3 1 1 6 6 6 2 7 0 13 12 36 7 31 40 46 19 16 22 7 40 23 26 33 28 24 41 47 48 0 20 33 9 44 19 23 0 20 24 47 13 39 33 0 44 48 0 9 20 24 13 13 14 33 15 44 48 0 9 37 20 13 21 37 20 13 44 13 20 37 37 44 9 3 22 5 29 16 41 3 12 5 32 36 17 26 46 37 30 33 43 0 9 0 24 9 13 48 15 33 9 37 43 24 33 48 37 9 
0 0 0 0 0 0 0 0 0 1 1 1 1 0 0 0 1 1 1 0 5 5 2 2 1 2 1 1 3 3 3 1 2 6 3 6 3 3 4 4 4 4 3 7 7 4 7 4 4 5 5 3 7 4 7 4 5 5 5 6 6 6 5 6 0 0 0 0 0 0 0 1 0 1 1 1 1 1 1 0 1 1 0 2 2 1 2 5 1 2 6 1 3 1 1 6 6 6 2 6 0 13 12 36 7 31 40 46 19 12 16 7 36 23 26 33 28 46 41 47 24 33 20 33 9 44 19 23 0 20 24 47 13 24 33 39 44 48 0 9 20 24 13 0 9 33 13 44 48 0 9 37 14 13 15 37 20 13 44 13 20 37 37 44 9 3 22 5 29 16 41 3 50 5 22 32 17 26 40 37 30 50 43 0 9 0 24 48 13 48 0 33 9 37 43 9 15 33 37 48 
0 0 0 0 0 0 0 0 0 1 1 1 1 0 0 0 1 5 1 0 5 5 2 2 1 2 1 1 2 3 3 1 2 6 3 6 3 3 3 3 4 4 3 7 7 4 7 4 4 4 4 3 7 4 7 4 5 5 5 6 6 6 5 6 0 0 0 0 0 0 0 0 1 1 1 1 1 1 1 0 1 5 0 1 1 1 2 5 1 2 6 1 2 1 1 6 6 6 2 6 0 13 12 36 7 31 40 46 19 16 22 5 40 23 26 33 26 0 30 47 24 33 0 20 9 24 19 23 44 0 9 47 13 24 20 39 24 33 44 48 0 9 13 0 9 20 13 24 33 44 48 37 14 13 15 37 20 13 44 13 20 37 37 44 9 3 22 5 29 16 41 50 12 3 32 36 7 17 46 37 28 9 43 41 50 0 9 48 13 33 0 33 48 37 43 9 15 33 37 48 
0 0 0 0 0 0 0 0 0 1 1 1 1 0 0 0 1 1 1 0 5 5 2 2 1 2 1 1 2 3 3 1 2 6 3 6 3 3 3 3 4 4 3 6 6 4 7 4 4 4 4 3 7 4 7 4 5 5 5 6 6 6 5 6 0 0 0 0 0 0 0 0 0 1 1 1 1 1 1 0 1 1 0 1 1 1 2 5 1 2 5 1 2 1 1 5 6 6 2 6 0 13 12 36 7 31 40 46 19 12 16 5 36 23 26 33 26 46 30 47 0 9 0 20 9 24 19 23 44 0 9 47 13 9 20 24 24 33 44 48 0 9 13 39 48 20 0 24 33 44 48 37 9 13 13 37 20 13 44 13 20 37 37 44 9 3 22 5 29 16 41 50 52 3 22 32 7 17 40 37 28 52 43 41 50 0 9 24 13 33 33 33 48 37 43 48 0 15 37 33 
0 0 0 0 0 0 0 0 0 1 1 1 1 0 0 0 1 4 1 0 5 5 1 2 1 2 1 1 2 2 2 1 2 6 3 6 3 3 3 3 3 3 3 6 6 4 7 4 4 4 4 3 7 4 7 4 5 5 5 6 6 6 5 6 0 0 0 0 0 0 0 0 1 0 1 1 1 1 1 0 1 4 0 1 1 1 1 5 1 2 5 1 2 1 1 5 6 6 2 6 0 13 12 36 7 31 40 46 19 16 22 3 40 23 26 33 17 33 28 47 0 9 50 0 9 9 19 23 24 44 48 47 13 9 0 24 9 20 24 33 44 48 13 39 48 0 0 9 20 24 44 37 9 13 13 37 20 13 44 13 20 37 37 44 9 3 22 5 29 16 41 50 12 52 32 36 5 7 46 37 26 48 43 30 41 0 52 24 13 20 33 33 33 37 43 48 0 15 37 33 
0 0 0 0 0 0 0 0 0 1 1 1 1 0 0 0 1 1 1 0 4 4 1 2 1 2 1 1 2 2 2 1 2 5 3 6 3 3 3 3 3 3 3 6 6 4 6 4 4 4 4 3 6 4 7 4 5 5 5 6 6 6 5 6 0 0 0 0 0 0 0 0 0 0 1 1 1 1 1 0 1 1 0 1 1 1 1 5 1 2 5 1 2 1 1 5 5 6 2 6 0 13 12 36 7 31 40 46 19 12 16 3 36 23 26 33 17 46 28 47 33 48 50 0 9 9 19 23 24 44 48 47 13 48 0 9 9 20 24 33 44 48 13 24 33 0 39 9 20 24 44 37 48 13 0 37 20 13 44 13 20 37 37 44 9 3 22 5 29 16 41 50 54 52 22 32 5 7 40 37 26 54 43 30 41 0 52 0 13 20 9 33 33 37 43 24 33 0 37 15 
0 0 0 0 0 0 0 0 0 1 1 0 1 0 0 0 1 4 1 0 4 4 1 1 1 1 1 1 2 2 2 1 2 5 2 6 2 3 3 3 3 3 3 6 6 3 6 3 4 4 4 3 6 4 7 4 5 5 5 6 6 6 5 6 0 0 0 0 0 0 0 0 1 0 1 1 1 1 1 0 1 4 0 1 1 1 1 5 1 2 5 1 2 1 1 5 5 6 2 6 0 13 12 36 7 31 40 46 19 16 22 54 40 23 26 33 7 9 26 47 33 48 41 52 9 54 19 23 9 24 33 47 13 48 44 9 48 0 9 20 24 33 13 24 33 44 39 48 0 20 44 37 48 13 0 37 20 13 44 13 20 37 37 44 9 3 22 5 29 16 41 50 12 52 32 36 3 5 46 37 17 24 43 28 30 0 50 0 13 0 9 33 20 37 43 24 33 0 37 15 
0 0 0 0 0 0 0 0 0 1 1 0 1 0 0 0 1 1 1 0 4 4 1 1 1 1 1 1 2 2 2 1 2 5 2 5 2 3 3 3 3 3 3 6 6 3 6 3 4 4 4 3 6 4 6 4 5 5 5 6 6 6 5 6 0 0 0 0 0 0 0 0 0 0 1 1 1 1 1 0 1 1 0 1 1 1 1 4 1 2 4 1 2 1 1 5 5 5 2 6 0 13 12 36 7 31 40 46 19 12 16 54 36 23 26 33 7 46 26 47 9 24 41 52 9 54 19 23 9 24 33 47 13 24 44 48 48 0 9 20 24 33 13 9 15 44 24 48 0 20 44 37 33 13 39 37 20 13 44 13 20 37 37 44 9 3 22 5 29 16 41 50 56 52 22 32 3 5 40 37 17 56 43 28 30 0 50 33 13 0 48 33 20 37 43 0 9 33 37 0 
0 0 0 0 0 0 0 0 0 0 0 0 1 0 0 0 1 1 1 1 1 1 1 1 1 1 1 1 2 2 2 1 2 4 2 4 2 3 3 3 3 3 3 5 5 3 5 3 4 4 4 3 5 4 5 4 5 5 5 6 6 6 5 6 0 0 0 0 0 0 0 0 0 0 1 1 0 1 1 0 1 1 0 1 1 1 1 2 1 2 3 1 2 1 1 4 4 4 2 5 0 13 12 22 7 26 32 36 23 46 54 50 22 33 37 43 5 36 17 0 46 54 30 50 13 52 23 33 9 24 33 55 13 33 44 57 48 0 9 20 24 33 13 9 24 44 33 48 0 20 44 37 48 13 57 37 20 13 44 13 20 37 37 44 9 3 16 5 17 19 28 30 40 41 12 16 52 3 32 47 7 40 55 26 28 9 41 57 19 0 57 37 20 43 47 9 24 48 37 0 
0 0 0 0 0 0 0 0 0 0 1 0 1 0 0 0 1 1 1 1 3 3 1 1 1 1 1 1 1 2 2 1 2 4 2 4 2 2 2 2 3 3 3 5 5 3 5 3 3 4 4 3 5 4 5 4 5 5 5 6 6 6 5 6 0 0 0 0 0 0 0 0 0 0 1 1 0 0 1 0 1 1 0 1 1 1 1 3 1 1 4 1 2 1 1 4 4 4 2 5 0 13 12 22 7 26 32 36 23 46 12 50 32 33 37 43 3 40 7 0 33 48 28 41 13 50 23 33 54 9 20 56 13 33 24 57 33 44 48 57 0 9 13 9 24 20 33 24 44 20 44 37 48 13 57 37 20 13 44 13 20 37 37 44 9 3 16 5 17 19 28 30 40 41 16 22 52 54 36 47 5 46 56 17 26 9 30 57 19 52 0 37 0 43 47 9 24 48 37 0 
0 0 0 0 0 0 0 0 0 0 0 0 1 0 0 0 1 1 1 1 3 3 1 1 1 1 1 1 1 2 2 1 2 4 2 4 2 2 2 2 3 3 3 5 5 3 5 3 3 4 4 3 5 4 5 4 5 5 5 6 6 6 5 6 0 0 0 0 0 0 0 0 0 0 1 1 0 0 1 0 1 1 0 1 1 1 1 3 1 1 4 1 2 1 1 4 4 4 2 5 0 13 12 22 7 26 32 36 23 46 56 50 22 33 37 43 3 36 7 0 33 48 28 41 13 50 23 33 54 9 20 57 13 33 24 57 33 44 48 57 0 9 13 9 24 20 33 24 44 20 44 37 48 13 57 37 20 13 44 13 20 37 37 44 9 3 16 5 17 19 28 30 40 41 12 16 52 54 32 47 5 40 57 17 26 9 30 57 19 52 0 37 0 43 47 9 24 48 37 0 
0 0 0 0 0 0 0 0 0 0 0 0 1 0 0 0 1 1 1 1 3 3 1 1 1 1 1 1 1 2 2 1 2 4 2 4 2 2 2 2 3 3 3 5 5 3 5 3 3 4 4 3 5 4 5 4 5 5 5 6 6 6 5 6 0 0 0 0 0 0 0 0 0 0 0 1 0 0 1 0 1 1 0 1 1 1 1 3 1 1 4 1 2 1 1 4 4 4 2 5 0 13 12 22 7 26 32 36 23 46 56 50 16 33 37 43 3 36 7 0 33 48 28 41 13 50 23 33 54 9 20 57 13 33 24 57 33 44 48 57 0 9 13 9 24 20 33 24 44 20 44 37 48 13 57 37 20 13 44 13 20 37 37 44 9 3 16 5 17 19 28 30 40 41 60 12 52 54 22 47 5 60 57 17 26 9 30 57 19 52 0 37 0 43 47 9 24 48 37 0 
0 0 0 0 0 0 0 0 0 1 1 0 3 0 0 0 0 3 1 1 3 4 1 1 1 1 1 1 1 1 2 1 2 4 2 5 2 2 2 2 2 2 3 5 5 2 5 3 3 4 4 3 5 4 5 4 5 5 5 6 6 6 5 6 0 0 0 0 0 0 0 0 0 0 3 3 0 0 3 0 1 3 0 1 1 1 1 4 1 1 4 1 1 1 1 4 4 4 2 5 0 13 12 22 7 26 32 36 23 12 36 50 24 33 37 43 60 48 5 0 61 0 26 30 13 41 23 33 52 60 0 57 13 57 9 0 20 24 33 44 48 57 13 24 33 60 48 20 44 20 44 37 57 13 61 37 20 13 44 13 20 37 37 44 9 3 16 5 17 19 28 30 40 41 0 9 52 54 33 47 3 57 57 7 17 9 28 9 19 50 24 37 54 43 47 33 48 61 37 9 
0 0 0 0 0 0 0 0 0 0 1 0 3 0 0 0 1 3 1 0 3 4 1 1 1 1 1 1 1 2 2 1 1 4 2 5 2 2 2 2 2 3 2 5 5 3 5 3 4 4 4 2 5 3 5 3 5 4 5 5 5 5 4 6 0 0 0 0 0 0 0 0 0 0 1 3 0 0 3 0 1 3 0 1 1 1 1 4 1 1 4 1 2 1 1 4 4 5 1 5 0 13 12 22 7 26 32 36 23 46 12 50 9 33 37 43 3 33 7 60 57 0 28 41 9 50 19 23 54 9 20 47 57 57 24 9 33 44 48 57 61 20 13 24 33 44 39 61 20 44 61 37 48 13 57 37 13 13 20 37 44 61 37 13 9 3 16 5 17 19 28 30 40 41 36 0 52 54 24 47 5 48 57 17 26 0 30 9 13 52 24 33 0 37 43 33 48 0 60 15 
0 0 0 0 0 0 1 1 0 3 3 0 3 0 0 0 1 4 1 0 4 4 1 1 1 1 1 1 1 2 2 1 1 4 2 5 2 2 2 2 3 3 2 5 5 4 5 4 4 4 4 2 5 2 5 3 5 3 5 5 5 5 3 6 0 0 0 0 0 0 0 0 1 0 3 3 0 0 3 0 1 4 0 1 1 1 1 4 1 1 4 1 2 1 1 4 4 5 1 5 0 13 12 60 7 26 12 36 23 0 9 50 48 33 37 43 3 0 7 61 15 24 28 41 9 50 19 23 54 9 20 47 57 63 24 9 33 44 48 57 20 44 13 24 33 13 39 20 37 44 61 37 48 61 57 13 13 37 20 37 44 61 61 13 9 3 36 5 17 19 28 30 60 41 24 33 52 54 57 47 5 9 57 17 26 0 30 33 13 52 39 33 0 37 43 48 57 0 61 15 
0 0 0 0 0 0 1 1 0 3 3 0 3 0 0 0 0 4 1 0 4 4 1 1 1 1 1 1 1 2 2 1 1 4 2 5 2 2 2 2 2 3 2 5 5 3 5 4 4 4 4 2 5 2 5 3 4 3 5 5 5 5 3 5 0 0 0 0 0 0 0 0 1 0 3 3 0 0 3 0 1 4 0 1 1 1 1 4 1 1 4 1 1 1 1 4 4 5 1 5 0 13 12 60 7 26 12 36 23 0 9 50 48 33 37 43 64 0 5 61 15 24 26 30 9 41 19 23 52 0 9 47 57 63 20 9 24 33 44 48 57 20 13 24 33 44 39 13 20 37 44 37 48 61 57 13 61 37 13 20 37 44 61 61 9 3 36 5 17 19 28 30 60 41 24 33 52 54 57 47 3 9 57 7 17 0 28 33 13 50 39 33 64 37 43 48 57 0 61 15 
0 0 0 0 0 0 1 1 0 3 3 0 3 0 0 0 0 4 1 0 4 4 1 1 1 1 1 1 1 2 2 1 1 4 2 5 2 2 2 2 2 3 2 5 5 3 5 4 4 4 4 2 5 2 5 3 4 3 5 5 5 5 3 5 0 0 0 0 0 0 0 0 1 0 3 3 0 0 3 0 1 4 0 1 1 1 1 4 1 1 4 1 1 1 1 4 4 5 1 5 0 13 12 60 7 26 12 36 23 0 9 50 48 33 37 43 65 0 5 61 15 24 26 30 9 41 19 23 52 0 9 47 57 63 20 9 24 33 44 48 57 20 13 24 33 44 39 13 20 37 44 37 48 61 57 13 61 37 13 20 37 44 61 61 9 3 36 5 17 19 28 30 60 41 24 33 52 54 57 47 3 9 57 7 17 0 28 33 13 50 39 33 65 37 43 48 57 0 61 15 
0 0 0 0 0 0 1 1 0 2 3 0 3 0 0 0 0 3 1 0 3 3 1 1 1 1 1 1 2 2 2 1 1 4 2 4 2 2 2 3 3 3 1 4 4 3 5 4 4 4 4 1 5 2 5 2 4 2 5 5 5 5 3 5 0 0 0 0 0 0 0 0 1 0 3 3 0 0 3 0 1 3 0 1 1 0 1 4 1 1 4 1 2 1 1 4 4 4 1 4 0 13 12 60 7 26 12 36 23 68 0 50 33 33 37 43 64 48 5 61 63 68 26 41 0 50 13 19 0 20 24 43 47 33 33 48 44 48 57 20 37 44 61 63 68 61 0 13 20 37 44 66 9 13 15 37 61 61 13 20 37 44 13 61 9 3 36 5 17 19 28 30 60 41 9 24 52 54 39 47 3 57 57 7 17 66 28 0 9 64 9 23 9 33 37 15 24 39 57 57 
0 0 0 0 0 0 1 1 0 3 3 0 3 0 0 0 1 3 1 0 4 4 1 2 1 2 1 1 2 2 2 1 1 4 2 4 3 3 3 3 3 4 1 5 5 4 5 4 4 4 4 1 5 2 5 2 5 2 5 5 5 5 3 5 0 0 0 0 0 0 0 0 1 0 3 3 0 0 3 0 1 3 0 1 1 0 2 4 1 2 4 1 2 1 1 4 4 4 1 5 0 13 12 60 7 26 12 36 23 0 9 50 39 33 37 43 3 57 26 61 0 9 65 9 0 20 13 19 33 48 57 43 47 48 68 63 20 37 44 61 68 13 61 9 15 20 24 37 44 61 68 67 33 13 39 37 13 61 20 37 44 61 13 68 9 3 36 5 17 19 28 30 60 41 24 33 52 65 48 47 17 63 57 41 50 67 0 15 9 24 24 23 44 33 37 33 39 57 57 0 
0 0 0 0 0 0 1 1 0 3 3 0 3 0 0 0 1 3 1 0 4 4 1 2 1 2 1 1 2 2 2 1 1 4 2 4 3 3 3 3 3 4 1 5 5 4 5 4 4 4 4 1 5 2 5 2 5 2 5 5 5 5 3 5 0 0 0 0 0 0 0 0 1 0 3 3 0 1 3 0 1 3 0 1 1 0 2 4 1 2 4 1 2 1 1 4 4 4 1 5 0 13 12 60 7 26 12 36 23 0 9 65 39 33 37 43 17 57 41 61 0 9 70 9 0 20 13 19 33 48 57 43 47 48 68 63 20 37 44 61 68 13 61 9 15 20 24 37 44 61 68 67 33 13 39 37 13 61 20 37 44 61 13 68 9 3 36 5 17 19 28 41 60 50 24 33 70 3 48 47 26 63 57 50 65 67 0 15 9 24 24 23 44 33 37 33 39 57 57 0 
0 0 0 0 0 0 1 1 0 2 3 0 3 0 0 0 1 3 1 0 3 3 2 2 0 2 1 1 2 2 2 1 1 4 3 4 3 3 3 3 3 4 1 4 4 4 4 4 4 4 4 1 5 1 5 2 5 2 5 5 5 5 2 5 0 0 0 0 0 0 0 0 1 0 3 3 1 1 3 0 1 3 0 1 1 0 2 3 1 2 4 1 2 1 1 4 4 4 1 4 0 13 12 60 7 26 12 36 23 72 0 65 24 33 37 43 26 39 50 61 57 63 0 20 70 24 9 13 44 57 68 37 43 24 13 39 20 37 44 61 68 13 57 57 63 20 72 37 44 61 68 61 0 67 9 13 13 37 20 37 44 61 61 68 9 3 36 5 17 19 28 41 60 50 9 15 3 17 33 47 41 48 57 65 71 67 9 72 0 33 0 19 48 23 33 9 15 33 47 48 
0 0 0 0 0 0 1 1 0 2 3 1 3 0 0 0 1 3 1 0 3 3 2 2 0 2 1 1 2 2 2 1 1 4 3 4 3 3 3 3 3 4 1 4 4 4 4 4 4 4 4 1 5 1 5 1 5 2 5 5 5 5 2 5 0 0 0 0 0 0 0 0 1 0 3 3 1 1 3 0 1 3 0 2 2 0 2 3 1 2 4 1 2 1 1 4 4 4 1 4 0 13 12 60 7 26 12 36 23 63 0 3 24 33 37 43 41 39 65 61 57 63 20 33 71 44 9 13 57 68 72 37 43 24 13 39 20 37 44 61 68 13 57 57 63 20 72 37 44 61 68 61 0 67 9 71 13 13 20 37 44 61 37 68 9 3 36 5 17 19 41 50 60 65 9 15 17 26 33 47 50 48 57 0 9 67 24 72 0 48 0 19 61 23 33 9 15 33 47 48 
0 0 0 0 0 0 1 1 0 2 3 1 3 0 0 0 1 3 1 0 3 3 2 2 0 2 1 1 2 2 2 1 1 4 3 4 3 3 3 3 3 4 1 4 4 4 4 4 4 4 4 1 5 1 5 1 5 2 5 5 5 5 2 5 0 0 0 0 0 0 0 0 1 1 3 3 1 1 3 0 1 3 0 2 2 0 2 3 1 2 4 1 2 1 1 4 4 4 1 4 0 13 12 60 26 50 12 36 23 63 0 17 24 33 37 43 50 39 74 61 57 63 20 33 71 44 9 13 57 68 72 37 43 24 13 39 20 37 44 61 68 13 57 57 63 20 72 37 44 61 68 61 0 67 9 71 13 13 20 37 44 61 37 68 9 3 36 17 41 19 65 74 60 3 9 15 26 41 33 47 65 48 57 0 9 67 24 72 0 48 0 19 61 23 33 9 15 33 47 48 
0 0 0 0 0 0 0 1 0 1 1 1 3 0 0 0 1 3 1 0 3 3 2 2 0 2 1 1 2 2 2 1 1 3 3 4 3 3 3 3 3 4 1 4 4 4 4 4 4 4 4 1 4 1 4 1 5 2 5 5 5 5 2 5 0 0 0 0 0 0 0 0 1 1 2 2 1 1 3 0 1 3 0 2 2 0 2 3 1 2 3 1 2 1 1 3 3 4 1 4 0 13 3 36 41 65 60 3 23 36 60 26 0 33 37 43 65 15 80 61 33 39 20 33 71 44 9 13 57 68 72 37 43 81 13 9 20 37 44 61 68 13 57 24 33 20 39 37 44 61 68 61 48 67 57 71 13 13 20 37 44 61 37 68 9 17 12 26 50 19 74 80 12 17 63 81 41 50 9 47 74 24 57 0 9 67 24 48 0 48 57 19 61 23 33 63 72 0 47 15 
0 0 0 0 0 0 0 1 0 1 1 1 3 0 0 0 1 3 1 0 3 3 2 2 0 2 1 1 2 2 2 1 1 4 2 4 3 3 3 3 3 3 1 4 4 4 4 4 4 4 4 1 4 1 4 1 4 2 5 5 5 5 2 5 0 0 0 0 0 0 0 0 1 1 2 3 1 1 3 0 1 3 0 2 2 0 2 3 1 2 3 1 2 1 1 3 3 4 1 4 0 13 3 36 41 65 60 3 23 36 60 26 9 33 37 43 65 24 81 61 39 48 20 33 71 44 9 13 57 68 72 37 43 0 81 15 13 20 37 44 61 68 57 33 39 13 48 20 37 44 61 61 57 67 63 71 68 13 13 20 37 44 37 61 9 17 12 26 50 19 74 81 12 17 63 0 41 50 15 47 74 33 57 0 9 67 24 57 0 48 63 19 61 23 33 72 81 9 47 24 
0 0 0 0 0 0 0 1 0 1 1 1 2 0 0 0 1 3 1 0 3 3 2 2 0 2 1 1 2 2 2 1 1 3 2 3 2 2 3 3 3 3 1 4 4 3 4 3 4 4 4 1 4 1 4 1 4 1 4 4 5 5 1 5 0 0 0 0 0 0 0 0 1 1 2 2 1 1 2 0 1 3 0 2 2 0 2 3 0 2 3 1 2 1 1 3 3 3 1 3 0 13 3 36 41 65 60 3 23 36 60 26 63 33 37 43 65 0 84 61 15 24 13 24 71 33 0 9 44 57 61 33 37 63 68 81 72 81 13 20 37 44 47 0 9 61 15 68 13 20 37 57 24 61 33 67 44 71 61 68 13 20 81 37 9 17 12 26 50 19 74 84 12 17 15 39 41 50 85 47 74 9 57 0 9 67 20 33 81 37 39 13 48 19 23 48 57 72 43 85 
0 0 0 0 0 0 0 1 0 1 1 1 2 0 0 0 1 2 1 0 3 3 2 2 0 2 0 1 2 2 2 1 1 3 2 3 2 2 2 3 3 3 1 4 4 3 4 3 3 3 4 1 4 1 4 1 4 1 4 4 4 4 1 4 0 0 0 0 0 0 0 1 1 1 1 1 1 1 2 0 1 3 0 2 2 0 2 3 0 2 3 1 2 1 1 3 3 3 1 3 0 13 3 36 41 65 60 3 23 36 60 41 15 33 37 43 72 63 81 61 9 15 13 24 71 33 84 0 44 57 61 23 33 57 68 72 72 81 85 13 20 37 43 0 9 44 15 61 68 85 13 47 24 57 33 61 20 67 37 44 61 68 84 85 9 17 12 26 50 19 74 17 12 26 71 83 50 65 39 47 74 0 57 0 9 67 20 24 81 37 33 9 48 13 19 39 48 63 37 81 
0 0 0 0 0 0 0 0 0 1 1 1 2 0 0 0 1 2 1 0 3 3 2 2 0 2 0 1 2 2 2 1 1 3 2 3 2 2 2 2 3 3 1 3 3 3 4 3 3 3 3 1 4 1 4 1 4 1 4 4 4 4 1 4 0 0 0 0 0 0 0 1 1 1 1 1 1 1 2 0 1 2 0 1 2 0 2 3 0 2 3 1 2 1 1 3 3 3 1 3 0 13 3 36 41 65 60 84 23 12 36 41 15 33 37 43 72 63 81 61 0 9 9 20 71 24 85 0 37 48 57 23 33 48 61 63 68 72 81 85 13 20 43 81 87 37 0 44 61 68 85 47 9 57 15 61 13 67 20 37 44 61 85 68 9 17 12 26 50 19 74 17 3 26 60 71 50 65 39 47 74 87 57 83 0 67 13 15 81 33 24 9 44 13 19 33 39 57 37 72 
0 0 0 0 0 0 0 0 0 1 1 1 2 0 0 0 1 2 1 0 2 3 1 1 0 2 0 1 2 2 2 1 1 3 2 3 2 2 2 2 2 2 1 3 3 2 3 2 3 3 3 1 3 1 4 1 3 1 3 3 3 4 1 4 0 0 0 0 0 0 0 0 1 0 1 1 1 1 2 0 1 2 0 1 1 0 1 3 0 2 3 1 2 1 1 3 3 3 1 3 0 13 3 36 41 65 60 84 23 12 36 17 15 33 37 43 50 63 72 61 92 0 83 91 71 0 85 0 13 24 33 23 33 39 37 57 44 48 57 61 68 72 43 72 81 81 87 85 13 20 37 47 92 57 0 61 44 67 61 68 85 13 85 20 9 17 12 26 50 19 74 89 3 91 60 71 26 41 39 47 65 87 57 74 81 67 89 9 81 9 15 9 20 13 19 24 33 48 37 63 
0 0 0 0 0 0 0 0 0 1 1 1 2 0 0 0 1 2 1 0 3 3 1 1 0 1 0 0 2 2 2 1 1 3 2 3 2 2 2 2 2 2 1 3 3 2 3 2 2 2 3 1 3 1 4 1 3 1 3 3 3 3 1 3 0 0 0 0 0 0 0 0 1 1 1 1 1 1 2 0 1 2 0 1 1 0 1 3 0 2 3 1 2 1 1 3 3 3 1 3 0 13 3 36 41 65 60 84 23 12 36 26 15 33 37 43 50 63 59 61 0 9 74 83 71 89 85 91 9 20 24 19 23 48 33 63 37 44 48 57 61 68 37 81 87 72 92 81 85 92 13 43 93 61 0 67 20 85 37 44 61 68 91 85 9 17 12 26 50 19 74 89 3 17 47 71 41 48 39 47 57 87 57 65 72 67 81 15 81 0 24 0 13 9 13 33 39 57 33 72 
0 0 0 0 0 0 0 0 0 1 1 1 2 0 0 0 1 2 1 0 2 3 1 1 0 1 0 0 1 2 2 1 1 3 2 3 2 2 2 2 2 2 1 3 3 2 3 2 2 2 2 1 3 1 3 1 2 1 3 3 3 3 1 3 0 0 0 0 0 0 0 0 1 0 1 1 1 1 2 0 1 2 0 1 1 0 1 3 0 1 3 1 2 1 1 3 3 3 1 3 0 13 3 36 41 65 60 84 23 12 36 17 15 33 37 43 48 63 57 61 96 0 72 81 71 83 85 91 95 9 13 19 23 39 20 57 24 33 37 44 48 57 37 68 69 61 72 68 72 81 85 43 81 61 85 67 92 85 13 20 37 44 91 61 9 17 12 26 50 19 74 89 3 95 47 71 26 41 39 47 50 87 57 59 65 67 74 9 81 89 15 0 0 9 13 24 33 48 33 63 
0 0 0 0 0 0 0 0 0 1 1 1 2 0 0 0 1 2 1 0 3 3 1 1 0 1 0 0 1 2 2 1 1 3 2 3 2 2 2 2 2 2 1 3 3 2 3 2 2 2 2 1 3 1 3 1 2 1 2 2 3 3 1 3 0 0 0 0 0 0 0 0 1 1 1 1 1 1 2 0 1 2 0 1 1 0 1 3 0 1 3 0 1 1 1 3 3 3 1 3 0 13 3 36 41 65 60 84 23 12 47 26 15 33 37 43 41 63 50 61 0 9 65 74 71 81 85 91 89 0 9 13 19 44 13 48 20 24 33 37 44 48 37 61 62 57 63 61 68 72 81 43 68 61 69 67 85 85 92 96 13 20 91 37 9 17 12 26 50 19 74 89 3 17 71 95 33 35 39 47 48 87 57 57 59 67 72 15 81 83 24 95 96 0 9 33 39 45 23 57 
