0 2 2 1 3 5 0 5 5 4 3 6 4 1 6 0 2 0 0 0 3 1 0 2 0 2 2 2 1 4 
2 2 0 3 1 5 0 4 4 2 3 3 4 1 6 0 3 0 0 0 4 2 0 2 1 3 1 3 2 5 
1 2 1 4 2 0 0 5 6 3 3 5 4 1 6 0 4 1 2 2 0 3 7 7 2 4 5 4 3 5 
2 0 4 3 4 3 0 6 6 5 1 5 2 1 6 2 0 5 8 7 5 4 7 8 5 0 7 5 4 5 
0 0 3 1 4 3 0 2 4 4 1 5 2 1 5 0 1 8 0 5 5 5 9 9 7 1 5 5 5 7 
0 0 0 1 1 3 0 2 4 3 1 4 2 1 4 0 1 10 0 10 5 5 9 9 8 1 5 5 5 7 
0 0 1 1 3 0 0 1 2 3 1 4 2 1 4 0 1 11 0 5 10 5 10 9 7 1 5 5 5 7 
0 0 2 1 2 1 0 1 2 3 0 3 1 1 4 0 1 5 0 7 11 5 10 9 5 10 7 1 5 5 
0 0 1 0 2 1 0 1 2 2 0 3 1 1 3 0 1 10 10 5 12 5 0 9 7 11 5 1 5 7 
0 0 0 2 1 1 0 2 3 1 0 2 1 1 2 0 1 10 9 0 2 5 15 5 10 12 5 12 5 7 
0 0 0 0 1 1 0 1 2 1 0 2 1 1 2 0 1 11 10 0 2 5 10 9 11 13 5 13 5 7 
0 0 0 2 0 1 0 2 2 1 0 1 1 1 1 0 1 10 5 12 2 5 6 7 0 14 10 14 5 12 
0 0 0 1 1 0 0 1 2 1 0 1 1 1 1 0 1 10 4 0 12 5 14 5 2 15 10 15 5 12 
0 1 0 1 0 0 0 1 1 0 1 1 1 0 1 14 5 0 0 10 2 5 4 19 12 9 2 15 15 13 
0 1 0 0 0 1 0 1 1 0 1 1 1 0 1 4 5 2 14 12 19 5 4 22 21 9 2 15 15 13 
0 1 0 0 0 1 0 1 1 0 1 1 1 0 1 4 5 2 14 12 19 5 4 22 22 9 2 15 15 13 
0 0 0 0 0 1 0 1 1 1 1 1 1 0 1 4 22 2 14 12 23 5 4 12 2 5 9 14 15 18 
0 0 0 0 0 1 0 0 1 1 1 1 1 0 1 4 23 2 14 12 24 5 22 4 2 5 9 14 15 18 
0 0 0 0 0 1 0 1 1 0 1 1 1 0 1 4 24 2 14 12 25 5 2 3 22 4 8 14 15 18 
0 0 0 0 0 1 0 0 1 0 1 1 1 0 1 4 25 2 14 12 25 5 24 28 22 4 8 14 15 18 
0 0 0 0 0 1 0 0 0 1 1 1 1 0 1 4 24 2 12 28 25 5 13 14 8 4 18 14 15 28 
0 0 0 0 0 1 0 0 1 1 1 1 1 0 1 2 24 28 3 34 25 5 4 19 8 4 28 15 15 34 
0 0 0 0 0 1 0 0 1 1 1 1 1 0 1 2 24 28 3 35 25 5 4 19 8 4 28 15 15 35 
0 0 0 1 1 0 0 1 1 1 1 1 1 0 1 2 24 28 19 8 35 5 29 37 25 4 27 15 15 35 
0 0 1 0 1 1 0 1 1 1 0 1 1 0 1 2 25 18 29 25 15 5 9 29 27 35 35 5 15 37 
0 0 1 0 1 1 0 1 1 1 0 1 1 0 1 29 25 18 39 25 15 5 9 29 27 35 35 5 15 37 
