2 2 1 3 3 1 6 0 4 5 0 1 4 5 6 0 3 0 3 0 1 2 2 0 0 0 2 3 3 3 
0 2 3 2 1 5 5 0 3 6 4 1 3 4 5 0 0 0 4 0 2 3 3 1 5 2 3 4 4 4 
2 0 3 1 3 5 6 0 5 6 2 1 2 3 4 2 0 0 0 2 8 8 4 5 5 0 4 5 5 5 
2 0 0 1 3 1 2 0 5 6 5 1 2 3 4 2 1 0 1 3 0 9 5 5 5 8 5 5 6 5 
2 0 0 1 2 1 1 0 5 6 0 1 2 3 4 2 1 0 1 9 0 10 5 5 5 10 5 5 5 5 
0 0 0 1 1 1 3 0 2 5 5 1 2 3 4 10 1 0 1 10 0 9 5 7 5 8 5 3 5 5 
2 0 0 0 3 1 4 0 4 5 3 1 1 1 2 7 1 0 10 5 0 8 5 5 5 8 5 1 10 3 
2 0 0 0 3 0 1 0 4 5 3 1 1 1 2 7 1 0 11 5 10 0 5 5 5 8 5 1 11 3 
2 0 0 0 3 1 2 0 4 5 0 1 1 1 2 13 1 0 12 5 0 9 5 5 5 10 5 1 12 5 
0 0 0 0 1 1 2 0 2 3 3 1 1 1 2 10 1 0 13 10 0 9 5 14 5 8 5 1 13 5 
0 0 0 0 1 0 2 0 2 3 3 1 1 1 2 11 1 0 14 11 10 9 5 15 5 8 5 1 14 5 
0 0 0 0 1 1 2 0 1 3 0 1 1 2 2 12 1 0 15 2 0 9 5 12 5 10 5 15 5 15 
0 1 1 1 0 2 2 0 1 3 1 0 1 2 2 2 5 13 9 12 9 19 5 2 5 18 15 14 5 15 
0 1 0 1 0 2 2 0 1 1 1 0 1 2 2 2 5 22 9 12 9 19 5 2 19 13 15 15 5 15 
0 1 1 1 0 2 2 0 1 1 0 0 1 2 2 2 5 13 9 12 9 19 5 2 18 22 15 14 5 15 
0 1 1 1 0 2 2 0 0 1 1 0 1 2 2 2 5 4 9 12 9 19 5 22 17 2 15 13 5 15 
0 0 2 1 1 2 2 0 1 1 0 0 1 2 2 2 22 9 3 7 19 25 5 17 23 12 15 13 5 15 
0 0 2 1 1 2 2 0 1 2 2 0 1 1 2 2 23 9 3 7 25 26 5 17 15 18 15 13 23 5 
1 0 0 1 1 0 2 0 2 2 2 0 1 1 2 7 24 2 3 17 3 9 5 15 25 18 15 13 24 5 
1 0 0 1 1 2 2 0 2 2 2 0 1 1 2 7 25 2 3 17 9 28 5 15 25 18 15 13 25 5 
1 0 0 1 1 1 2 0 2 2 2 0 1 1 2 7 25 29 3 17 29 9 5 15 25 18 15 13 25 5 
0 0 1 1 1 1 1 0 2 2 0 0 1 1 2 33 24 9 5 33 19 29 5 15 25 28 15 15 25 5 
1 0 1 0 2 1 1 0 2 2 0 0 1 1 1 34 24 9 33 5 19 29 5 15 25 28 15 5 15 25 
1 0 1 0 2 1 1 0 2 2 0 0 1 1 1 35 24 9 34 5 19 29 5 15 25 28 15 5 15 25 
1 0 1 0 2 1 1 0 2 2 0 0 1 1 1 35 24 9 35 5 19 29 5 15 25 28 15 5 15 25 
1 0 0 0 1 1 1 0 2 2 0 0 1 1 1 34 24 39 35 37 9 19 5 5 15 28 15 5 15 25 
0 0 0 0 1 1 1 0 1 1 0 0 1 1 1 44 24 39 35 34 9 19 5 37 44 28 15 5 15 25 
0 0 0 0 1 1 1 0 1 1 0 0 1 1 1 45 24 39 35 34 9 19 5 37 45 28 15 5 15 25 
1 0 0 0 1 0 1 0 1 1 1 0 0 1 1 24 25 29 35 27 39 9 5 35 45 38 15 45 5 15 
0 0 0 0 1 0 0 0 1 1 1 0 0 1 1 55 25 29 35 25 39 49 5 35 45 28 15 45 5 15 
