5 6 1 2 8 0 4 0 11 11 8 10 1 10 9 10 2 6 7 4 9 13 10 11 6 12 7 13 12 14 15 15 5 0 7 3 8 10 5 6 7 12 9 1 2 11 13 11 3 3 4 12 13 14 14 5 12 15 8 9 6 7 0 0 6 2 0 6 0 4 0 1 6 5 0 8 6 6 6 6 6 6 4 5 2 5 2 1 4 1 6 1 7 0 7 0 7 0 0 0 0 0 7 2 2 1 9 8 2 6 2 8 4 4 6 2 1 4 2 2 
0 6 1 2 3 0 4 0 6 6 8 10 1 10 9 10 2 1 2 4 4 13 5 11 6 12 7 13 8 14 15 15 5 0 7 3 8 5 5 6 7 7 9 1 2 11 9 11 3 3 4 12 13 13 14 5 12 14 8 9 6 7 0 0 6 2 0 7 6 10 0 1 7 5 0 9 7 6 6 7 6 6 10 5 2 5 2 1 10 1 4 1 7 0 7 0 7 6 0 0 0 10 7 2 2 1 10 9 2 7 2 9 4 9 4 2 1 6 2 2 
10 5 0 1 11 0 2 0 12 13 4 7 1 8 4 5 2 10 10 4 11 9 12 9 6 10 7 10 15 11 14 12 5 0 6 1 6 11 2 3 3 14 7 1 2 8 15 6 3 3 4 7 8 11 12 5 9 13 8 9 4 9 6 0 4 2 0 8 7 11 0 9 8 6 6 0 8 5 7 8 5 0 5 6 2 1 2 9 3 1 2 1 6 0 6 6 9 7 6 0 6 11 6 2 2 9 11 0 2 8 2 0 0 10 10 2 9 2 2 2 
5 1 1 2 8 0 4 0 10 13 8 5 1 5 9 9 2 6 7 4 9 11 10 6 6 7 7 8 15 8 14 9 0 0 2 3 3 9 5 6 7 14 4 1 2 6 15 10 3 3 4 10 11 12 12 5 7 13 8 9 12 6 0 0 12 2 0 9 7 11 0 6 9 9 0 6 9 12 12 9 8 10 5 9 2 9 2 6 3 9 2 9 6 0 6 0 6 12 0 0 0 11 6 2 2 6 11 2 2 9 2 10 2 2 10 2 6 2 2 2 
0 1 1 2 10 0 4 0 13 14 6 5 1 5 7 7 2 1 2 4 11 9 13 6 6 7 7 8 15 8 12 9 0 0 2 3 3 12 5 5 6 14 4 1 2 6 15 8 3 3 4 8 9 9 10 5 7 11 8 9 13 6 0 0 11 2 0 9 11 3 12 6 9 9 0 12 9 13 13 9 11 6 3 9 2 9 2 6 3 9 2 9 6 0 6 0 6 11 0 12 0 11 6 2 2 6 11 0 2 9 2 12 0 12 2 2 6 2 2 2 
5 1 0 1 8 0 2 0 12 13 4 5 1 6 4 4 2 6 7 4 9 8 11 7 6 8 7 8 14 9 12 9 0 0 2 1 3 10 2 3 3 13 5 1 2 6 14 5 3 3 4 6 7 9 10 5 7 11 8 9 1 6 13 0 1 2 0 9 11 3 0 12 9 9 6 13 9 1 1 9 1 6 11 9 2 9 2 12 3 9 2 12 6 0 6 13 6 11 13 0 13 11 9 2 2 12 11 6 2 9 2 6 6 6 2 2 12 2 2 2 
5 1 0 1 6 0 2 0 8 9 4 5 1 5 4 5 2 5 6 4 7 9 8 6 6 7 7 8 11 8 12 9 0 0 2 1 3 7 2 3 3 10 4 1 2 6 12 6 3 3 4 7 8 9 10 5 7 11 8 9 1 14 6 0 16 2 0 9 16 1 0 9 9 12 6 6 9 16 1 9 1 6 1 12 2 12 2 9 11 12 2 9 14 0 14 6 14 16 6 0 6 11 14 2 2 9 11 6 2 9 2 6 6 13 2 2 9 2 2 2 
0 1 1 2 1 0 4 0 3 4 7 5 1 5 7 8 2 0 1 4 2 9 3 6 6 6 7 7 11 8 12 9 0 0 2 3 3 2 5 6 7 10 4 1 2 5 12 8 3 3 4 8 9 9 10 5 6 11 8 9 1 14 6 6 17 2 6 9 17 17 13 9 9 12 16 6 9 17 1 9 1 13 1 9 2 15 2 9 11 9 2 9 14 6 14 6 14 17 6 6 6 11 14 2 2 15 11 13 2 9 2 16 6 16 2 2 12 2 2 2 
0 1 0 1 3 0 2 0 10 11 4 5 1 5 4 5 2 1 2 4 9 7 10 6 6 7 7 8 12 8 9 9 0 0 2 1 3 9 2 3 3 11 4 1 2 6 12 5 3 3 4 6 6 7 8 5 7 8 8 9 1 16 13 6 1 2 6 9 11 3 6 9 9 16 13 6 9 1 1 9 7 6 3 16 2 16 2 9 3 16 16 9 16 6 16 13 16 14 13 6 13 11 16 2 2 9 11 13 2 9 2 6 13 13 6 2 9 13 2 2 
6 1 0 0 7 0 1 0 8 8 2 5 1 5 3 3 2 6 6 4 7 4 8 6 6 7 7 8 9 8 9 9 0 0 2 1 3 7 1 2 2 9 4 1 2 6 9 3 3 3 4 4 4 5 5 5 7 5 8 9 7 16 13 20 7 2 13 9 14 21 20 9 9 16 6 13 9 14 21 9 14 20 7 16 2 16 2 9 14 16 16 9 16 6 16 6 16 21 20 6 13 7 16 2 2 9 21 20 2 9 2 6 13 6 13 2 9 20 2 2 
4 0 0 1 5 0 2 0 7 8 4 2 1 3 5 5 2 4 5 4 6 7 7 4 6 6 7 7 9 8 9 9 0 0 1 1 1 6 2 3 3 8 2 1 2 3 9 6 3 3 4 6 7 8 8 5 5 9 8 9 7 20 13 6 14 2 6 9 14 7 21 20 9 16 16 21 9 14 7 9 7 21 7 16 2 9 2 9 7 9 21 9 16 6 16 13 20 14 13 6 13 14 16 2 2 20 14 16 2 9 2 21 16 16 21 2 9 16 2 2 
0 0 1 2 1 0 4 0 3 4 5 2 1 3 6 6 2 0 1 4 2 7 3 4 6 6 7 7 5 8 9 9 0 0 1 3 1 2 4 5 5 4 2 1 2 3 5 6 3 3 4 7 7 8 8 5 5 8 8 9 7 20 25 25 14 2 21 9 14 7 25 20 9 16 16 21 9 14 7 9 7 25 7 16 2 9 2 9 7 9 21 9 16 25 16 25 20 14 25 16 21 14 16 2 2 20 14 25 2 9 2 16 21 16 21 2 9 25 2 2 
0 3 0 1 1 0 2 0 3 4 4 5 1 5 4 5 1 0 1 4 2 7 3 6 6 7 7 8 5 8 9 9 2 0 3 1 4 2 2 3 3 4 4 0 1 6 5 5 2 2 3 6 6 7 8 5 7 9 8 9 7 9 21 16 14 2 16 9 14 7 16 9 2 25 21 16 24 14 7 2 7 16 7 25 2 25 2 9 7 25 21 25 25 16 25 21 9 14 21 16 21 14 25 24 9 9 14 21 2 9 2 16 21 21 21 2 9 10 2 2 
0 1 0 1 1 0 2 0 3 4 4 5 1 5 4 5 2 0 1 4 2 7 3 6 6 7 7 8 5 8 9 9 0 0 2 1 3 2 2 3 3 4 4 1 2 6 5 5 3 3 4 6 6 7 8 5 7 9 8 9 7 9 21 16 14 2 16 25 14 7 16 9 25 25 21 16 25 14 7 25 7 16 7 25 2 25 2 9 7 25 21 25 9 16 9 21 9 14 21 16 21 14 9 2 2 9 14 21 2 25 2 16 21 21 21 2 9 10 2 2 
0 1 0 1 1 0 2 0 3 4 4 5 1 6 4 5 2 0 1 4 2 7 3 7 5 8 6 8 5 9 9 9 0 0 2 1 3 2 2 3 3 4 4 1 2 7 5 5 3 3 4 6 6 7 8 5 8 9 6 7 7 9 21 16 14 2 16 26 14 7 16 9 26 9 21 16 26 14 7 26 7 16 7 25 26 9 2 25 7 1 21 25 9 16 9 21 9 14 21 16 21 14 9 2 2 9 14 21 2 26 2 16 21 21 21 2 1 10 26 2 
0 0 1 2 0 0 4 0 1 2 5 2 1 3 6 6 2 0 0 4 1 7 1 4 5 8 6 8 2 9 9 9 0 0 1 3 1 1 4 5 5 2 2 1 2 3 9 6 3 3 4 7 7 8 8 5 7 8 6 7 7 33 21 21 31 2 21 26 31 7 34 33 26 9 10 21 26 14 17 26 7 34 17 9 26 1 2 25 17 1 10 25 9 21 9 21 33 14 34 10 21 14 9 2 2 33 35 34 2 26 2 10 21 10 21 2 25 34 26 2 
0 0 0 1 0 0 2 0 7 8 4 2 1 3 4 4 2 0 0 4 0 5 7 4 5 8 6 8 9 9 6 9 0 0 1 1 1 0 2 3 3 8 2 1 2 3 9 5 3 3 4 5 5 6 6 5 7 6 6 7 7 33 45 21 31 2 21 26 35 11 21 33 26 9 34 45 26 14 17 26 38 45 11 9 26 1 2 25 11 1 45 25 9 21 9 45 33 41 45 21 45 35 9 2 2 33 35 10 2 26 2 21 34 10 21 2 25 34 26 2 
0 1 0 0 5 0 1 0 7 8 2 5 1 6 2 2 2 4 5 4 6 3 7 7 5 8 6 8 9 9 9 9 0 0 2 0 3 6 1 1 1 8 4 1 2 7 9 2 3 3 4 3 3 3 4 5 8 4 6 7 7 49 21 34 35 2 10 26 35 11 10 49 26 49 21 34 26 35 11 26 11 34 11 49 26 25 2 49 11 1 50 25 49 10 49 45 49 35 21 34 45 35 49 2 2 25 35 45 2 26 2 10 21 45 10 2 1 21 26 2 
3 5 0 0 4 0 0 0 6 6 1 6 1 7 1 2 1 4 4 3 5 2 5 7 3 8 4 8 7 9 9 9 5 0 5 0 6 5 1 1 1 6 6 0 1 7 7 2 2 2 2 2 2 3 3 3 8 3 4 4 59 25 21 34 59 2 58 26 11 35 45 49 2 1 58 10 50 11 35 2 11 58 59 49 50 25 2 49 11 1 50 25 1 10 49 45 1 35 10 21 34 59 25 50 26 25 35 21 2 26 50 34 45 10 21 26 1 34 26 50 
1 1 0 0 2 0 0 0 3 4 7 5 1 5 7 7 1 1 2 3 2 8 3 5 3 6 4 6 4 6 9 7 0 0 2 0 3 3 0 1 1 4 4 0 1 5 5 8 2 2 2 8 8 9 9 3 6 9 4 4 35 73 21 34 35 2 58 26 59 11 26 1 2 25 50 74 50 59 11 2 59 74 35 73 50 25 2 49 59 73 74 1 73 10 73 45 73 11 69 10 21 35 73 50 26 49 11 2 2 26 50 26 50 2 26 26 1 50 26 50 
0 1 6 6 0 0 6 0 1 2 7 4 0 4 7 7 1 0 0 2 1 8 1 4 2 5 3 5 2 5 9 5 0 5 2 6 3 1 6 7 7 2 3 0 1 4 2 8 1 1 2 8 8 8 9 2 4 9 3 3 11 97 2 26 83 2 74 26 83 11 50 1 74 25 74 98 26 35 59 26 11 74 59 73 74 1 2 25 59 49 50 73 97 98 97 50 73 35 98 2 26 35 97 50 2 49 83 2 50 74 2 26 50 98 2 50 97 26 26 50 
