0 0 1 2 3 4 4 12 13 6 13 7 15 8 9 17 10 1 2 10 3 11 11 12 5 5 18 14 16 19 0 3 3 0 3 0 3 0 0 0 2 0 0 0 0 0 0 0 3 2 0 0 2 2 0 3 1 0 0 1 
0 11 11 2 12 4 13 4 6 6 7 7 9 8 9 10 0 1 12 1 3 2 3 5 5 13 14 8 10 14 0 1 4 0 4 0 1 3 3 0 3 0 3 0 0 3 3 0 1 3 0 3 3 3 0 4 1 3 0 4 
0 8 9 1 11 2 12 7 8 3 9 3 11 4 5 13 4 0 10 5 1 6 6 7 2 13 14 10 12 14 0 1 1 0 1 0 1 0 4 0 4 3 4 3 3 4 0 3 1 0 3 0 4 4 3 1 1 4 4 4 
0 0 1 1 9 2 10 7 8 3 9 3 11 4 5 13 4 0 8 5 1 6 6 7 2 11 12 10 12 13 0 3 3 0 1 0 1 0 4 0 4 4 4 4 4 4 0 4 1 0 4 0 4 4 4 1 1 4 4 1 
0 4 4 1 5 2 6 6 8 3 9 3 11 4 5 13 0 0 5 1 1 2 3 7 2 6 7 10 12 7 0 1 8 0 8 0 1 4 4 0 4 4 4 4 4 4 7 4 1 7 4 7 7 4 4 8 1 4 4 8 
0 4 5 0 6 1 7 5 6 2 7 2 9 3 3 11 2 0 6 3 1 4 4 5 1 7 8 8 10 8 0 1 1 7 4 4 1 4 8 4 8 7 8 4 7 8 0 4 1 0 0 4 8 8 7 4 1 8 8 4 
0 4 5 1 6 2 7 4 6 3 7 3 9 4 5 11 0 0 6 1 1 2 3 5 2 7 8 8 10 8 4 1 1 4 4 4 1 4 8 4 8 8 8 8 8 8 0 8 1 0 8 0 0 4 8 4 1 8 8 4 
0 2 3 1 4 2 4 2 6 3 7 3 9 4 5 11 0 0 4 0 1 1 1 3 2 5 5 8 10 5 4 1 1 4 4 4 12 11 8 4 8 8 8 8 8 8 0 8 1 11 8 0 11 11 8 1 4 8 8 12 
0 0 1 0 3 1 4 3 4 2 5 2 7 3 3 9 0 0 2 1 1 2 2 3 1 4 4 6 8 5 4 1 1 11 1 8 1 11 8 4 8 8 8 4 8 8 14 8 1 14 4 11 14 14 11 4 12 8 8 1 
0 0 1 0 3 1 3 3 4 2 5 2 7 2 3 9 0 0 2 1 1 2 3 3 1 3 4 6 8 4 4 1 1 14 1 8 6 11 8 4 8 8 8 14 8 8 11 8 1 11 4 11 4 15 14 14 1 8 8 4 
0 0 0 0 1 1 2 3 4 2 5 2 7 2 3 9 0 0 1 1 1 2 3 3 1 2 3 6 8 3 4 1 18 14 18 8 1 11 8 4 8 8 8 14 8 8 11 8 1 11 4 11 4 15 14 18 1 8 8 18 
0 0 0 0 1 1 1 1 2 2 2 2 3 2 3 3 0 0 0 0 1 0 1 1 1 1 2 3 3 2 4 1 18 14 1 8 18 20 11 4 28 8 11 14 8 28 11 8 25 20 4 28 11 28 14 25 1 4 15 18 
0 0 0 0 0 1 1 2 2 1 2 1 3 2 3 3 0 0 0 0 0 1 1 2 1 1 1 2 3 1 4 1 18 14 25 4 1 4 15 14 28 28 4 8 8 32 11 8 21 32 28 11 32 11 8 18 21 32 11 25 
0 0 0 0 0 1 0 0 1 2 1 2 1 3 3 3 0 0 0 0 0 0 0 0 1 0 0 1 2 1 4 1 18 14 25 8 42 52 4 8 11 32 56 8 32 56 11 8 21 28 32 35 39 56 32 45 49 15 56 1 
0 0 0 0 0 1 0 0 0 2 1 2 3 2 3 3 0 0 0 0 1 0 0 0 1 0 0 2 3 0 8 1 18 56 25 32 42 35 80 8 80 32 32 56 8 80 4 32 21 11 8 15 28 39 56 45 49 80 56 52 
