1 0 1 2 0 1 2 1 2 2 0 0 2 1 4 5 5 8 3 8 
1 0 1 1 0 1 2 0 2 2 0 1 2 8 5 5 5 0 8 2 
1 0 1 1 0 1 2 0 2 0 1 1 5 3 5 8 5 0 8 10 
0 0 1 1 0 1 2 0 2 1 10 1 5 2 5 8 5 0 8 4 
1 0 0 1 0 1 2 0 2 1 2 1 10 8 5 5 5 0 8 4 
1 0 0 1 0 1 2 0 2 0 2 1 11 8 5 5 5 0 8 10 
0 0 0 1 0 1 2 0 2 1 10 1 12 8 5 5 5 0 8 2 
0 0 0 0 0 1 2 1 1 2 0 12 2 10 5 5 5 15 8 8 
0 0 0 1 0 0 1 2 1 2 0 13 2 8 5 10 5 5 15 6 
0 0 0 1 0 0 1 0 1 1 0 14 2 8 5 11 5 10 15 17 
0 0 0 0 0 0 1 1 1 1 0 15 2 10 5 12 5 15 8 16 
0 0 0 0 0 0 1 0 1 1 0 15 2 10 5 12 5 19 8 15 
0 0 0 0 0 0 0 0 1 1 0 15 2 10 5 12 19 22 5 7 
0 0 0 0 0 0 0 1 0 1 0 15 2 10 5 12 19 5 22 6 
0 0 0 0 0 0 0 0 0 1 0 15 2 10 5 12 19 24 22 5 
0 0 0 0 0 0 0 0 0 0 0 15 2 10 5 19 23 14 12 22 
0 0 0 0 0 0 0 0 0 0 0 15 2 12 5 19 24 10 22 14 
0 0 0 0 0 0 0 0 0 0 0 15 2 12 5 19 25 14 22 24 
0 0 0 0 0 0 0 0 0 0 0 15 2 12 5 19 25 14 22 28 
0 0 0 0 0 0 0 0 0 0 2 15 19 12 5 24 27 4 22 14 
0 0 0 0 0 0 0 0 0 0 2 15 24 12 5 27 33 4 19 14 
0 0 0 0 0 0 0 0 0 0 2 15 24 12 5 27 34 4 19 14 
0 0 0 0 0 0 0 0 0 0 2 15 24 12 5 27 35 4 19 14 
0 0 0 0 0 0 0 0 0 0 2 14 24 12 5 27 35 4 18 38 
0 0 0 0 0 0 0 0 0 0 2 14 24 18 5 27 35 4 38 12 
0 0 0 0 0 0 0 0 0 0 18 14 24 38 5 27 35 2 44 3 
0 0 0 0 0 0 0 0 0 0 18 14 25 28 5 35 44 2 38 3 
0 0 0 0 0 0 0 0 0 0 18 14 25 28 5 35 45 2 38 3 
0 0 0 0 0 0 0 0 0 0 18 14 25 28 5 35 45 2 38 48 
0 0 0 0 0 0 0 0 0 0 28 15 25 38 5 35 45 2 48 19 
