0 1 0 4 0 2 5 3 4 3 1 6 3 5 6 6 0 2 3 4 1 5 2 2 1 1 5 10 2 0 2 11 5 5 2 0 2 10 5 11 5 5 0 0 11 10 2 5 10 1 
0 1 1 3 0 2 5 3 4 3 1 5 3 5 6 6 0 1 2 4 1 4 2 2 0 1 5 2 0 0 2 2 5 5 2 10 12 11 5 2 5 5 0 0 2 11 12 5 11 10 
0 1 1 2 0 2 3 3 4 3 0 4 3 5 4 6 0 1 1 2 1 3 2 2 0 1 5 2 0 0 2 10 5 5 2 10 2 12 5 12 5 5 0 10 10 12 0 5 12 11 
0 1 1 1 0 2 4 3 4 3 1 5 3 5 6 6 0 0 1 2 1 3 2 2 0 1 5 2 11 0 2 14 5 5 2 10 14 13 5 14 5 5 10 0 11 13 11 5 13 12 
0 0 1 1 0 3 3 2 3 5 1 3 6 4 6 5 0 0 1 2 2 2 1 4 6 1 12 14 12 0 14 2 5 5 14 4 12 14 5 8 5 5 10 2 2 14 12 5 14 4 
1 0 0 1 0 3 2 2 3 5 6 3 6 4 3 5 0 0 0 1 2 2 1 4 6 14 13 2 2 10 15 12 5 5 15 9 2 15 5 12 5 5 0 11 12 15 2 5 15 5 
3 0 0 0 4 5 2 1 2 6 4 5 6 2 6 3 0 0 0 1 4 1 1 5 4 15 14 2 12 9 5 2 14 5 5 18 8 15 14 8 5 5 0 10 2 15 12 5 15 5 
3 0 0 0 3 5 5 1 2 6 4 6 6 2 6 3 0 0 0 4 4 5 1 5 4 15 15 3 13 19 5 18 15 5 5 9 8 15 15 18 5 6 1 11 18 15 8 5 15 5 
3 0 0 0 3 5 5 1 2 6 4 6 6 2 6 3 0 0 0 4 4 5 1 5 4 15 15 2 22 19 5 18 15 5 5 9 8 15 15 18 5 5 0 12 18 15 8 5 15 5 
3 0 0 1 2 5 5 1 2 6 3 6 6 2 6 3 0 0 0 4 4 5 1 5 4 15 15 23 24 25 5 18 15 5 5 19 8 15 15 18 5 5 2 12 18 15 8 5 15 5 
0 0 4 3 3 5 4 1 2 6 5 5 6 2 5 3 0 1 2 4 4 4 1 5 3 23 15 5 25 19 5 25 15 5 5 25 8 15 15 18 5 5 25 25 8 15 18 5 15 15 
0 0 1 5 3 3 5 1 2 4 5 5 4 2 6 3 0 4 4 5 2 5 1 4 3 24 15 25 5 19 25 17 15 5 15 9 25 25 15 5 5 5 8 18 7 25 15 5 5 15 
1 0 3 4 3 3 5 1 1 4 4 5 4 2 5 2 0 3 3 4 3 5 0 4 2 25 15 5 8 28 25 7 5 15 15 28 15 25 5 17 15 5 8 18 18 15 5 24 5 25 
2 0 3 3 2 3 4 1 1 4 2 5 4 1 5 2 0 3 3 4 3 4 0 4 2 15 15 5 28 19 25 28 5 15 15 29 5 25 25 7 5 5 8 18 8 15 18 25 5 25 
2 0 0 3 2 3 3 1 1 4 2 4 4 1 4 2 0 1 2 3 3 3 0 3 2 15 15 34 8 19 15 35 5 15 5 29 8 15 25 18 5 5 35 35 18 5 28 25 25 25 
0 0 1 3 2 2 4 1 1 3 3 4 3 1 4 2 0 2 3 3 2 3 0 3 2 34 15 35 18 19 35 5 5 15 15 37 7 25 25 15 5 5 28 8 28 25 35 25 5 15 
1 0 2 3 2 2 3 0 1 3 2 3 3 1 4 1 0 2 2 3 2 3 0 3 2 35 15 15 8 9 35 35 34 5 15 38 37 25 15 5 25 5 18 28 18 25 28 25 5 5 
1 0 2 2 1 2 3 0 1 3 2 3 3 1 3 1 0 2 2 3 2 3 0 3 2 35 15 15 38 39 35 28 35 5 15 9 35 25 15 37 25 5 18 28 8 25 18 25 5 5 
1 0 2 2 0 2 3 0 1 3 1 3 3 1 3 1 0 2 2 3 2 3 0 3 2 35 15 15 38 45 35 28 35 5 15 39 35 25 15 37 25 5 18 28 8 25 18 25 5 5 
1 0 1 2 1 2 3 0 0 2 1 3 2 1 3 1 0 2 2 2 2 3 0 2 1 25 15 45 28 29 15 7 35 44 35 39 15 45 5 17 15 5 8 18 38 5 5 25 25 35 
1 0 1 2 1 2 2 0 0 2 1 3 2 1 3 1 0 1 2 2 2 2 0 2 1 25 15 45 18 29 15 48 35 45 35 39 5 45 5 7 15 5 48 8 28 5 38 25 25 35 
1 0 1 2 0 2 2 0 0 2 1 3 2 1 3 1 0 1 2 2 2 2 0 2 1 25 15 45 18 55 15 48 35 45 35 29 5 45 5 7 15 5 48 8 28 5 38 25 25 35 
1 0 1 2 1 1 2 0 0 2 1 2 2 0 2 1 0 1 1 2 1 2 0 2 1 15 15 35 8 19 55 35 35 45 15 29 37 25 54 45 5 5 38 48 18 45 28 25 5 25 
1 0 1 1 1 1 2 0 0 2 1 2 2 0 2 1 0 1 1 2 1 2 0 2 1 15 15 35 58 19 55 28 35 45 15 29 35 25 55 37 5 5 38 48 8 45 18 25 5 25 
1 0 1 1 0 1 2 0 0 2 1 2 2 0 2 1 0 1 1 2 1 2 0 2 1 15 15 35 58 65 55 28 35 45 15 19 35 25 55 37 5 5 38 48 8 45 18 25 5 25 
1 0 1 1 1 1 2 0 0 1 1 2 2 0 2 0 0 1 1 1 1 2 0 1 1 5 15 25 48 9 45 15 35 45 65 19 17 5 55 25 64 5 28 38 58 35 8 25 55 15 
1 0 1 1 1 1 2 0 0 1 1 2 2 0 2 0 0 1 1 1 1 1 0 1 1 5 15 25 48 9 45 8 35 45 65 19 15 5 55 17 65 5 28 38 58 35 68 25 55 15 
1 0 1 1 0 1 2 0 0 1 1 2 2 0 2 0 0 1 1 1 1 1 0 1 1 5 15 25 48 75 45 8 35 45 65 9 15 5 55 17 65 5 28 38 58 35 68 25 55 15 
0 0 1 1 1 1 1 0 0 1 2 1 1 0 1 0 0 1 1 1 1 1 0 1 1 75 15 15 38 9 35 68 35 45 55 5 75 65 55 77 65 5 18 28 48 25 58 25 45 5 
0 0 1 1 0 1 1 0 0 1 1 1 1 0 1 0 0 1 1 1 1 1 0 1 1 75 15 15 38 79 35 68 35 45 55 9 75 65 55 77 65 5 18 28 48 25 58 25 45 5 
