0 7 0 1 0 11 2 1 2 12 2 3 3 12 4 4 5 13 13 14 5 14 6 15 6 7 7 8 8 7 15 8 9 9 9 8 11 1 9 12 10 10 3 10 12 13 10 11 11 13 12 4 14 5 14 13 14 15 6 15 0 7 3 0 6 5 0 6 3 3 6 3 6 5 6 0 6 3 5 2 0 4 0 2 6 3 5 3 5 0 4 0 0 2 4 7 4 3 6 2 0 2 0 4 4 2 6 0 2 4 0 3 3 3 5 0 0 3 3 0 
0 6 0 0 5 8 1 5 1 9 5 2 6 9 6 2 6 10 11 11 3 11 4 12 6 7 7 7 7 4 12 5 8 8 8 7 8 1 9 8 9 9 2 10 9 10 10 10 11 10 12 3 11 3 12 13 14 12 4 15 0 8 3 6 3 7 3 5 6 6 7 3 0 8 2 6 4 7 2 3 3 5 0 3 6 0 2 4 6 6 5 0 0 2 4 8 6 0 0 8 2 4 0 0 7 6 2 4 0 8 0 0 4 6 2 0 0 4 3 0 
0 0 0 0 5 3 1 5 1 5 5 2 6 7 6 2 6 10 10 10 3 11 4 13 6 6 7 7 7 4 15 5 7 8 8 1 2 1 8 4 8 9 2 9 7 9 9 10 11 10 12 3 10 3 12 13 14 14 4 15 0 6 3 7 3 6 3 5 7 7 8 3 0 7 2 7 4 2 4 5 3 9 0 9 6 8 0 2 4 7 9 0 8 0 2 6 6 0 4 6 8 0 0 2 6 9 4 0 0 3 0 0 9 7 9 0 0 9 3 0 
0 5 0 0 0 6 1 1 1 7 2 2 3 7 4 2 5 8 8 8 3 11 4 13 5 5 6 6 6 4 15 5 6 7 7 5 6 1 8 6 8 9 2 9 7 7 10 10 11 8 12 3 9 3 12 13 14 14 4 15 0 7 3 8 6 7 3 6 8 2 6 3 6 4 6 8 3 2 4 5 3 0 0 0 5 9 0 2 4 8 0 0 9 0 9 8 6 0 0 8 9 0 0 9 3 5 0 9 9 3 9 0 2 8 0 9 9 0 3 9 
0 1 0 0 1 4 1 2 1 5 3 2 4 5 5 2 5 6 6 7 3 11 3 13 5 5 6 6 6 4 15 4 6 7 7 2 3 0 8 5 8 9 1 9 5 6 10 10 11 6 12 2 7 3 12 13 14 14 4 15 0 8 3 6 6 8 0 6 3 7 6 0 6 11 0 3 2 7 11 2 0 0 9 0 4 9 0 2 4 3 0 9 9 0 9 8 8 9 0 6 9 0 9 9 8 6 0 9 9 8 9 9 3 3 0 9 9 0 0 9 
0 0 0 0 1 9 1 1 1 10 2 2 2 11 3 2 3 12 12 13 3 13 3 14 4 4 5 5 5 4 15 4 5 5 6 8 9 0 6 10 6 6 1 6 11 11 7 7 7 12 8 2 13 3 14 8 9 14 4 10 0 6 3 7 6 12 0 8 3 12 6 0 8 10 6 3 8 0 12 0 0 12 10 10 6 8 0 2 4 3 0 10 9 11 0 12 0 10 2 0 4 9 10 11 0 12 0 9 11 10 0 10 10 3 0 9 9 12 0 9 
0 0 0 0 1 2 1 1 1 4 2 2 2 9 3 2 3 10 11 11 3 12 3 12 4 4 5 5 5 4 13 4 5 5 6 0 1 0 6 3 6 6 1 6 8 9 7 7 7 10 8 2 11 3 12 8 9 13 4 10 0 6 3 7 6 13 0 8 3 13 6 0 8 0 6 3 8 0 0 10 0 0 10 12 6 8 0 2 4 3 10 10 9 11 0 13 13 10 2 13 4 9 10 11 12 12 0 9 11 12 0 10 12 3 10 9 9 0 0 9 
0 0 0 0 0 8 1 1 1 9 1 2 1 10 2 2 2 11 11 12 3 12 3 13 2 3 3 3 4 4 14 4 4 4 5 7 7 0 5 8 5 5 1 5 9 10 6 6 6 11 7 2 12 3 13 8 9 13 4 10 0 6 3 7 13 0 0 6 3 0 8 0 13 0 6 3 8 0 12 0 0 12 10 10 13 6 8 13 6 3 0 10 8 13 0 0 12 10 2 12 4 9 10 11 12 12 0 9 11 10 9 10 10 3 0 9 9 12 0 9 
0 3 0 0 0 4 1 0 1 6 1 1 1 7 2 2 2 8 9 10 2 11 3 11 3 3 3 3 4 4 12 4 4 4 4 3 4 0 5 5 5 5 1 5 7 8 6 6 6 9 7 2 10 2 11 8 9 12 3 10 0 7 3 10 6 13 0 8 3 15 6 13 8 12 6 0 8 12 12 0 10 0 0 12 3 5 8 14 3 0 10 10 5 8 14 13 7 13 0 15 2 9 10 11 0 0 0 9 11 0 9 3 12 13 10 9 9 0 10 9 
0 0 0 0 0 2 1 0 1 4 1 2 1 7 1 2 2 8 9 9 3 9 3 10 2 2 3 3 3 4 10 4 4 4 4 1 1 0 5 3 5 5 1 5 7 8 6 6 6 8 6 2 9 3 10 7 7 10 4 8 0 13 3 10 6 13 0 8 10 13 3 0 5 12 8 10 3 12 0 10 0 16 14 10 5 8 3 5 8 10 16 14 3 5 8 7 13 14 0 13 9 11 14 15 0 0 0 9 11 16 15 14 12 10 0 9 15 12 0 9 
0 0 0 0 0 5 1 0 1 6 0 2 0 7 1 2 1 7 8 8 3 9 4 10 1 1 2 2 2 4 10 5 2 3 3 4 4 1 3 5 3 4 2 4 6 7 5 6 6 8 7 3 9 3 9 8 9 10 4 10 0 7 10 15 3 0 10 5 15 0 8 10 13 0 3 15 5 12 10 12 10 10 0 0 8 13 3 5 8 15 12 15 13 3 5 5 13 0 8 12 13 3 0 8 12 10 9 9 16 0 16 0 0 15 12 16 16 10 10 16 
0 0 0 0 0 2 1 0 1 3 0 2 0 5 1 2 1 6 7 7 3 7 4 8 1 1 2 2 2 5 8 6 3 3 3 1 2 1 4 3 4 4 2 4 4 5 4 5 6 6 7 3 7 3 8 8 9 8 4 10 0 13 10 16 3 13 10 5 16 13 8 10 14 0 3 16 5 0 0 10 10 18 10 10 8 14 3 8 14 16 18 16 3 8 14 13 5 0 0 5 2 4 0 8 13 12 14 9 9 12 16 0 12 16 0 16 16 12 16 16 
0 0 0 0 0 1 1 0 1 2 0 2 0 3 1 2 1 5 6 6 3 7 4 7 1 1 2 2 2 5 8 6 2 3 3 0 1 1 3 2 3 4 2 4 3 4 4 4 4 5 4 3 7 3 7 5 6 8 4 7 0 5 10 16 3 13 10 8 16 13 14 10 19 13 3 16 8 0 0 12 10 10 10 18 14 19 3 8 14 16 10 16 19 3 8 13 5 0 14 5 19 0 0 2 5 13 4 8 14 12 19 0 0 16 12 9 9 0 16 16 
0 0 0 0 0 1 1 0 1 3 0 1 1 4 1 2 1 5 5 5 3 6 4 6 2 2 2 2 2 5 7 6 2 2 3 0 1 0 3 2 3 3 1 3 4 4 3 3 4 5 4 2 6 3 6 4 4 7 4 4 0 5 10 16 3 13 0 8 10 13 14 20 3 15 8 10 14 0 12 22 10 10 10 22 0 2 4 8 14 16 10 16 19 21 0 13 5 20 2 13 4 8 16 14 13 20 19 21 0 10 2 16 0 16 12 4 8 0 16 21 
0 0 0 0 0 3 1 0 1 3 0 2 0 4 0 2 0 4 4 5 3 5 4 6 1 1 1 1 1 4 6 5 1 2 2 1 2 1 2 3 2 2 2 2 3 4 3 3 3 4 4 3 5 3 6 5 6 6 4 6 10 13 16 21 0 9 16 2 21 15 4 16 8 2 14 21 19 9 20 0 16 12 10 10 0 2 4 8 14 21 18 16 19 0 2 13 13 10 4 13 8 14 10 19 20 3 0 2 4 15 0 10 10 21 0 22 16 12 16 22 
0 0 0 0 0 3 1 0 1 3 0 2 0 4 0 2 0 4 5 5 3 6 4 6 1 1 1 1 1 4 6 5 1 2 2 1 2 1 2 3 2 2 2 2 3 4 3 3 3 5 4 3 5 3 6 5 6 6 4 6 10 13 16 22 0 9 16 2 22 15 4 16 8 9 14 22 19 20 10 12 16 0 10 12 0 2 4 8 14 22 24 16 19 0 2 13 13 10 4 13 8 14 10 19 20 15 0 2 4 0 0 10 24 22 10 22 16 18 16 22 
0 0 0 0 0 1 1 0 1 3 0 2 0 4 0 2 0 4 5 5 3 6 4 6 1 1 1 1 1 4 6 5 1 2 2 0 1 1 2 3 2 2 2 2 3 4 3 3 3 5 4 3 5 3 6 5 6 6 4 6 10 13 16 22 0 25 16 2 22 15 4 16 8 9 14 22 19 20 10 12 16 0 10 12 0 2 4 8 14 22 24 16 19 0 2 25 13 10 4 9 9 14 11 19 20 15 0 2 4 0 0 10 24 22 10 22 16 18 16 22 
0 0 0 0 0 2 1 0 1 3 0 2 0 4 0 2 0 4 5 5 3 6 4 6 0 0 1 1 1 4 6 5 1 1 1 1 2 1 1 3 1 2 2 2 3 4 2 2 3 5 4 3 5 3 6 5 6 6 4 6 10 13 16 22 0 20 16 2 22 15 4 16 8 9 14 22 19 20 10 12 16 0 10 12 25 27 0 2 4 22 24 16 8 14 19 13 15 10 25 9 27 0 11 2 20 15 4 9 0 0 0 10 24 22 10 22 16 18 16 22 
0 0 0 0 0 2 1 0 1 3 0 2 0 4 0 2 0 4 5 5 3 6 4 6 0 0 1 1 1 4 6 5 1 1 1 0 2 1 1 3 1 2 2 2 3 4 2 2 3 5 4 3 5 3 6 5 6 6 4 6 10 13 16 22 0 20 16 2 22 15 4 16 8 9 14 22 19 20 10 12 16 0 10 12 25 27 0 2 4 22 24 16 9 14 19 29 15 11 25 9 27 0 11 2 20 15 4 9 0 0 0 10 24 22 10 22 16 18 16 22 
0 2 0 0 0 2 1 0 1 3 0 2 0 3 0 2 0 4 4 5 3 5 4 6 0 0 0 1 1 4 6 5 1 1 1 2 2 1 1 3 1 1 2 1 3 4 2 2 3 4 4 3 5 3 5 5 6 6 4 6 11 9 16 22 0 33 16 2 22 15 4 16 9 33 14 22 19 15 33 0 16 12 10 0 25 27 32 0 2 22 12 16 4 9 14 15 20 11 19 9 25 27 10 32 20 9 0 2 0 20 0 10 10 22 24 22 16 10 16 22 
0 2 0 0 0 3 1 0 1 3 0 2 0 4 0 2 0 5 5 5 3 6 4 6 0 0 0 1 1 4 6 5 1 1 1 2 2 1 1 3 1 2 2 2 4 4 3 3 4 5 4 3 5 3 6 5 6 6 4 6 11 9 16 22 0 9 16 2 22 20 4 16 9 15 14 22 19 0 12 24 16 0 10 12 25 27 33 0 2 22 24 16 4 9 14 15 20 11 19 15 33 0 10 33 9 20 0 33 0 10 33 10 34 22 10 22 16 18 16 22 
0 1 0 0 0 1 1 0 1 2 0 1 0 2 0 2 0 3 4 5 2 5 3 5 0 0 0 1 2 4 5 4 3 3 3 1 1 0 3 2 3 4 1 4 2 3 4 4 4 4 5 2 5 2 5 5 6 5 3 6 11 9 16 22 0 33 10 2 16 15 4 34 9 33 14 10 19 20 20 0 22 12 16 24 25 27 32 0 0 16 36 22 0 9 11 15 20 34 33 9 35 0 22 9 20 15 11 33 35 15 16 16 10 34 18 22 16 34 22 22 
0 1 0 0 0 1 1 0 1 2 0 1 0 2 0 2 0 3 4 5 2 5 3 5 0 0 0 1 2 4 5 4 3 3 3 1 1 0 3 2 3 4 1 4 2 3 4 4 4 4 5 2 5 2 5 5 6 5 3 6 11 9 16 22 0 33 10 2 16 15 4 34 9 33 14 10 19 20 20 0 22 12 16 24 25 27 33 0 0 16 36 22 0 9 11 15 20 35 33 9 35 0 22 9 20 15 11 33 35 15 16 16 10 34 18 22 16 34 22 22 
0 0 0 0 0 1 1 0 1 1 0 1 0 2 0 2 1 2 3 3 2 4 3 5 1 2 2 3 3 4 5 4 3 3 3 0 0 0 3 1 4 4 1 4 1 2 4 4 4 2 5 2 4 2 5 5 6 5 3 6 11 15 16 22 0 9 10 2 16 20 4 34 9 9 39 10 0 20 15 20 22 20 16 10 39 0 39 0 9 16 18 22 11 33 35 20 33 34 39 15 0 9 22 11 33 15 33 35 39 33 16 16 15 34 0 22 16 12 22 22 
0 0 0 0 0 1 1 0 1 2 0 2 1 3 1 2 1 4 5 5 3 5 3 5 1 1 2 2 2 4 5 4 2 2 3 0 0 0 3 1 3 3 1 3 2 3 4 4 4 4 4 2 5 3 5 4 5 5 4 5 10 9 16 22 0 15 16 33 22 15 35 16 0 15 9 22 11 15 0 10 16 18 39 34 33 35 0 9 11 22 40 39 33 35 0 15 20 39 9 20 11 33 39 35 20 20 0 9 11 20 33 39 12 22 24 35 16 36 16 22 
0 0 0 0 0 0 1 0 1 1 0 2 1 2 1 2 1 2 3 3 3 4 3 5 1 1 2 2 2 4 5 4 2 2 3 0 0 0 3 1 3 3 1 3 1 2 4 4 4 3 4 2 4 3 4 4 5 5 4 5 10 9 16 22 0 39 16 33 22 20 35 16 0 15 9 22 11 39 20 39 16 20 40 0 33 35 0 9 11 22 12 40 33 35 0 15 20 40 9 15 11 33 40 35 39 20 0 9 11 15 33 40 15 22 39 35 16 10 16 22 
0 0 0 0 0 0 1 0 1 0 0 2 1 1 1 2 1 1 2 2 3 2 3 3 1 1 2 2 2 4 4 4 2 2 3 0 0 0 3 0 3 3 1 3 1 1 4 4 4 1 4 2 2 3 2 4 5 3 4 5 10 9 16 22 0 39 16 33 22 46 35 16 0 20 9 22 11 44 15 20 16 44 40 15 33 35 0 9 11 22 46 40 33 35 0 15 20 40 9 44 11 33 40 35 15 39 0 9 11 46 33 40 39 22 46 35 16 46 16 22 
0 0 0 0 0 0 1 0 1 1 0 2 0 1 1 2 1 2 2 2 3 3 3 4 1 1 1 1 2 4 4 4 2 2 2 0 0 0 2 0 2 3 1 3 1 1 3 3 3 2 3 2 3 3 3 4 4 4 4 4 10 9 16 22 0 39 16 33 22 15 35 16 46 39 0 22 9 15 39 44 16 20 40 0 11 33 35 46 0 22 36 40 9 11 33 15 20 40 35 44 46 0 40 9 20 44 11 33 35 20 46 40 15 22 39 9 33 12 16 46 
0 0 0 0 0 0 1 0 1 1 0 1 0 1 0 2 1 2 3 4 2 4 3 4 1 1 1 1 2 3 4 3 2 2 2 0 0 0 2 1 3 3 1 3 1 2 3 4 4 2 4 2 4 2 4 4 4 4 3 4 16 15 22 40 0 44 16 9 22 20 11 46 33 44 35 16 0 20 36 0 40 18 16 36 9 11 33 35 0 40 48 46 9 11 33 20 39 46 35 15 0 9 40 11 39 15 33 9 16 39 22 22 12 46 24 33 40 42 22 46 
0 0 0 0 0 0 1 0 1 1 0 1 0 2 0 2 0 3 3 4 2 4 3 4 1 1 1 1 1 3 4 3 1 2 2 0 0 0 2 1 3 3 1 3 2 2 4 4 4 3 4 2 4 2 4 4 4 4 3 4 16 15 22 40 0 44 16 9 22 20 11 46 33 12 35 16 57 0 36 0 40 18 16 36 0 9 11 33 35 40 48 46 57 9 33 20 39 46 57 15 9 33 40 57 0 36 9 16 22 12 33 22 12 46 24 40 46 42 22 57 
0 0 0 0 0 2 1 0 1 2 0 1 0 3 0 2 0 3 4 4 2 4 3 4 0 1 1 1 1 3 4 3 1 2 2 1 1 0 2 2 3 3 1 3 2 3 4 4 4 3 4 2 4 2 4 4 4 4 3 4 16 15 22 40 0 0 16 9 22 36 11 46 33 0 35 16 57 36 0 12 40 24 16 42 59 0 9 11 33 40 60 46 57 9 33 36 60 46 57 12 9 33 40 57 60 12 9 16 22 60 33 22 18 46 36 40 46 48 22 57 
0 0 0 0 0 1 1 0 1 1 0 1 0 2 0 2 1 2 3 3 2 3 3 4 1 1 1 2 2 3 4 3 2 2 3 0 0 0 3 1 3 3 1 4 1 2 4 4 4 2 4 2 3 2 4 4 4 4 3 4 16 12 22 40 0 0 16 9 22 36 33 46 57 0 63 16 9 36 0 12 40 60 16 12 33 57 63 9 33 40 24 46 57 63 9 36 60 46 33 12 57 63 40 9 60 12 16 22 33 60 40 22 36 46 0 46 57 18 22 63 
0 0 0 0 0 1 1 0 1 1 0 1 0 2 0 2 1 2 3 3 2 3 3 4 1 1 1 2 2 3 4 3 2 2 3 0 0 0 3 1 3 3 1 4 1 2 4 4 4 2 4 2 3 2 4 4 4 4 3 4 16 12 22 40 0 0 16 9 22 36 33 46 57 0 64 16 9 36 0 12 40 60 16 12 33 57 64 9 33 40 24 46 57 64 9 36 60 46 33 12 57 64 40 9 60 12 16 22 33 60 40 22 36 46 0 46 57 18 22 64 
0 0 0 0 0 0 0 0 1 1 0 1 0 1 1 1 1 2 2 3 2 3 2 3 1 1 2 2 2 2 3 3 2 3 3 0 0 0 3 1 3 3 1 3 1 2 3 4 4 2 4 1 3 2 3 4 4 3 2 4 16 0 22 40 9 60 64 33 16 12 57 40 70 60 9 46 33 12 60 0 16 24 40 42 57 70 9 33 57 64 58 16 70 9 22 12 36 46 33 0 40 46 22 64 36 0 70 16 22 36 40 64 12 22 36 46 64 48 46 70 
0 0 0 0 0 0 0 0 0 1 0 1 0 1 0 1 1 1 1 2 1 2 2 2 1 1 2 2 2 2 2 2 3 3 3 0 0 0 3 0 3 3 1 3 1 1 4 4 4 1 4 1 2 1 2 4 4 2 2 4 16 0 22 40 9 60 64 33 70 0 57 22 81 36 88 40 9 60 84 0 64 12 16 36 33 88 64 70 88 40 60 46 16 22 40 12 36 46 46 84 64 70 16 88 12 58 16 22 40 82 46 46 10 70 34 64 70 58 22 88 
0 0 0 0 0 0 0 0 0 0 1 1 2 0 2 1 2 1 1 1 1 1 1 1 2 2 2 3 3 2 2 2 3 3 3 0 0 0 3 0 3 3 0 4 0 1 4 4 4 1 4 1 1 1 1 4 4 2 1 4 16 0 22 40 9 36 64 94 70 60 94 16 40 84 46 22 64 10 34 36 46 60 70 84 70 88 94 16 22 16 10 22 40 46 64 12 34 46 70 58 88 94 88 16 82 0 22 40 46 12 64 40 58 64 82 70 88 0 88 94 
