1 2 3 2 0 4 3 1 0 4 1 0 2 4 3 2 4 3 0 4 
2 0 3 2 0 4 3 1 1 4 2 0 2 5 4 2 5 4 1 5 
1 0 2 2 0 3 3 1 1 4 0 1 8 4 5 8 4 5 2 5 
0 0 0 2 0 1 3 1 1 4 10 1 12 5 5 12 5 5 2 5 
0 0 1 2 0 2 3 1 1 4 2 12 2 5 5 14 5 5 13 5 
2 0 3 2 0 4 3 1 1 4 15 13 15 5 5 15 5 5 14 5 
3 0 4 1 0 4 2 1 2 3 15 14 5 14 5 7 5 5 15 5 
3 0 3 1 0 3 2 1 3 2 8 15 15 15 5 17 5 5 5 15 
1 1 2 1 0 3 2 0 0 2 25 5 25 15 5 5 5 15 24 15 
2 0 2 1 0 2 1 0 2 1 8 25 15 5 5 17 15 15 5 25 
1 0 2 1 0 2 1 0 0 1 35 25 5 5 5 7 15 15 34 25 
1 0 2 1 0 2 1 0 0 1 35 25 5 5 5 7 15 15 35 25 
1 0 1 0 0 1 1 0 1 1 28 25 35 35 5 37 5 15 25 15 
