0 1 2 2 1 0 0 2 0 1 1 2 1 2 2 0 0 2 0 1 5 10 1 12 10 5 13 12 5 12 
0 1 0 1 1 0 1 2 0 2 1 2 1 2 2 0 0 10 10 1 5 11 4 13 2 5 14 13 5 12 
0 1 1 1 0 0 1 2 0 1 1 2 1 2 2 0 10 2 11 10 5 0 2 14 12 5 15 14 5 3 
0 1 1 1 2 0 1 2 0 1 0 2 1 1 2 0 10 2 14 5 5 0 9 10 12 15 15 5 15 19 
0 0 1 1 2 0 1 2 0 1 0 2 1 1 2 0 20 2 14 5 5 0 9 10 12 15 15 5 15 19 
0 1 1 1 2 0 0 2 0 1 0 2 1 1 2 0 0 2 14 5 5 20 9 10 12 15 15 5 15 19 
0 1 0 1 2 0 1 2 0 1 0 2 1 1 2 0 4 20 14 5 5 2 9 10 12 15 15 5 15 19 
0 1 2 1 0 0 1 1 0 2 0 2 1 1 2 0 4 15 12 20 5 2 13 10 18 15 5 5 15 9 
0 0 2 1 0 0 1 1 0 2 0 2 1 1 2 0 20 15 4 21 5 2 12 10 18 15 5 5 15 9 
0 0 2 0 0 0 1 2 0 2 0 2 1 1 2 0 10 15 20 11 5 24 9 15 18 21 5 5 15 25 
0 0 1 2 0 0 0 2 0 2 0 2 1 1 2 0 10 24 9 11 5 20 17 15 15 22 5 5 15 18 
0 0 0 2 0 0 2 2 0 2 0 1 1 1 2 0 10 20 9 11 5 5 15 15 7 23 24 5 15 16 
0 0 0 0 0 0 2 0 0 2 1 0 1 1 2 5 0 21 10 1 15 5 20 24 7 5 11 15 24 9 
0 0 0 0 0 0 0 2 0 2 1 0 1 1 2 5 0 22 10 1 15 20 7 25 5 5 11 15 25 8 
0 0 0 0 0 0 0 0 0 0 1 0 1 1 2 5 0 22 10 1 15 20 30 25 31 5 11 15 25 5 
0 0 0 0 0 0 0 0 0 0 1 0 1 1 0 5 0 22 10 1 15 20 30 25 32 5 11 15 25 31 
0 0 0 0 0 0 0 0 0 0 1 0 1 1 0 5 0 22 10 1 15 20 30 25 32 5 11 15 25 34 
0 0 0 0 0 0 0 0 0 0 1 0 1 1 1 5 0 12 20 1 15 10 24 25 22 5 32 15 25 35 
0 0 0 0 0 0 0 0 0 1 0 1 1 1 1 5 0 12 10 1 15 22 24 25 35 32 25 5 15 29 
0 0 1 0 0 0 0 0 0 0 0 1 1 1 1 5 14 35 24 1 15 12 32 25 22 33 25 5 15 29 
0 0 0 0 1 0 0 0 0 0 0 1 1 1 1 5 14 2 24 25 15 12 32 25 22 34 35 5 15 29 
0 0 0 0 1 0 0 1 0 0 0 1 1 1 1 5 14 2 24 25 15 12 29 25 22 35 35 5 15 39 
0 0 0 1 1 0 0 1 0 0 0 1 1 1 1 5 4 43 29 25 15 2 39 25 12 35 35 5 15 45 
0 0 1 0 1 0 1 1 0 1 0 1 0 1 1 5 2 35 3 15 15 38 19 25 45 35 25 42 5 29 
0 0 1 1 1 0 1 1 0 1 0 1 0 1 1 5 2 35 19 15 15 38 29 25 45 35 25 43 5 47 
0 1 1 1 1 0 1 1 0 1 0 1 0 1 1 5 19 35 29 15 15 38 47 25 45 35 25 44 5 48 
0 1 1 1 1 0 1 1 0 1 0 1 0 1 1 5 19 35 29 15 15 38 47 25 45 35 25 45 5 48 
