0 0 1 3 3 2 2 3 4 0 3 1 4 4 4 2 1 0 3 2 1 3 4 3 4 0 1 5 11 0 5 1 5 5 10 10 10 0 1 4 10 0 5 2 0 1 1 2 4 11 
0 0 1 3 2 2 1 3 4 1 3 2 4 4 4 2 1 0 2 1 0 3 3 3 4 0 1 5 2 10 5 1 5 5 11 4 2 4 12 13 11 0 5 0 10 10 0 12 1 2 
0 0 1 2 3 2 1 3 4 1 3 2 4 4 4 2 0 0 1 1 0 3 2 3 3 0 1 5 0 4 5 1 5 5 12 14 2 2 3 4 12 10 5 10 0 11 12 10 13 2 
0 0 1 1 2 2 1 3 4 1 3 2 3 3 4 2 2 0 0 2 0 2 1 2 3 0 1 5 0 10 5 12 5 5 2 2 2 3 4 15 13 0 5 10 1 12 11 10 12 14 
0 0 0 1 2 1 4 1 2 1 2 2 2 3 4 3 2 0 0 2 3 2 1 2 4 0 1 12 0 2 5 5 12 5 2 12 14 13 9 9 14 0 5 10 1 5 3 10 4 15 
0 2 0 0 1 1 4 1 2 0 2 3 2 3 4 4 1 0 0 1 3 1 1 2 1 10 14 13 11 4 5 5 13 5 2 3 15 4 9 9 15 0 5 0 1 5 10 2 2 11 
0 2 0 1 0 1 3 1 2 0 1 4 1 3 4 4 0 0 0 0 3 1 1 1 4 0 15 14 2 11 5 15 14 5 2 4 5 10 9 18 15 1 5 12 10 5 0 12 1 8 
0 2 0 1 1 1 3 1 2 0 1 4 2 3 3 4 0 0 0 0 3 1 4 1 4 0 15 15 2 4 5 15 15 5 2 14 5 19 9 19 15 1 5 12 14 5 12 8 13 18 
0 2 0 1 1 1 3 1 2 0 1 4 2 3 3 4 0 0 0 1 3 1 4 1 4 14 15 15 2 12 5 15 15 5 2 22 5 19 9 19 15 22 5 12 4 5 13 8 14 18 
0 2 0 4 2 1 3 1 2 0 3 1 3 4 4 4 0 0 0 0 3 2 4 3 4 4 15 15 8 19 5 15 15 5 23 19 23 25 19 25 5 12 5 2 13 5 25 15 9 17 
2 0 0 3 4 1 2 1 2 3 4 3 4 4 4 4 4 0 2 4 1 4 3 4 3 19 23 15 8 15 5 15 15 5 5 18 15 19 25 26 5 8 5 25 9 23 16 18 17 25 
2 0 0 3 4 1 2 1 2 2 4 3 4 4 4 3 3 0 3 4 1 4 3 4 4 19 24 15 18 8 5 15 15 5 25 16 5 17 18 19 15 27 5 8 7 24 9 25 15 5 
2 1 0 3 4 0 2 1 1 2 4 3 4 4 4 3 2 0 3 2 2 4 3 4 3 9 25 15 18 5 24 15 5 15 25 8 5 9 15 16 15 19 5 8 28 5 6 25 7 27 
1 1 0 3 3 0 2 1 1 2 4 3 4 4 4 3 2 0 2 2 2 3 3 3 3 29 25 15 8 27 25 15 5 15 25 5 5 6 7 8 15 9 5 28 19 5 28 18 29 25 
2 1 0 2 3 0 2 1 1 0 3 1 3 3 3 2 2 0 1 3 2 3 2 3 3 9 24 15 28 8 25 15 5 15 34 16 34 17 18 19 25 19 5 28 7 5 9 35 15 5 
1 0 0 2 3 0 1 1 1 2 3 2 3 3 3 2 2 0 2 3 1 3 2 3 2 29 34 15 18 6 25 34 5 15 5 9 15 15 16 17 25 37 5 8 5 25 7 28 8 35 
1 0 0 2 3 0 1 1 1 2 3 2 3 3 3 2 2 0 2 2 1 3 2 3 2 29 35 15 18 5 25 35 5 15 5 8 15 9 15 16 25 37 5 8 38 25 6 28 7 35 
1 1 0 2 2 0 1 0 1 2 3 2 3 3 3 2 1 0 2 1 1 2 2 2 2 19 15 15 18 37 25 35 35 5 5 5 15 6 7 8 25 29 5 8 39 25 38 28 39 35 
0 1 0 2 1 0 1 0 1 2 2 2 2 2 3 2 1 0 2 1 1 1 2 2 2 45 15 15 18 39 25 35 35 5 5 38 15 39 45 5 25 19 5 8 29 25 45 28 37 35 
1 1 0 2 2 0 1 0 1 0 2 1 2 2 2 2 1 0 2 1 1 2 2 2 2 19 15 15 15 19 25 35 35 5 45 29 45 35 36 37 5 29 5 8 39 25 27 17 28 25 
1 0 0 2 2 0 1 0 1 1 2 1 2 2 2 2 1 0 1 1 1 2 2 2 2 19 45 15 8 19 25 25 35 5 35 27 45 28 29 35 5 29 5 38 48 15 25 15 26 17 
1 1 0 1 2 0 1 0 0 1 2 1 2 2 2 2 1 0 1 1 1 2 2 2 2 9 5 15 48 17 25 25 35 45 35 25 45 26 27 28 5 19 5 38 29 15 18 8 19 15 
