0 2 1 3 3 0 0 4 2 4 3 1 2 4 4 4 1 1 2 3 10 2 1 2 12 0 5 4 0 2 9 5 5 12 5 9 10 0 10 5 
1 2 0 3 2 0 0 3 1 2 3 1 2 3 4 4 1 1 2 3 2 2 10 2 10 0 5 12 0 0 9 5 5 13 3 7 11 10 11 5 
1 2 2 2 2 0 0 3 1 1 3 0 1 3 4 4 1 2 2 3 2 2 5 12 1 0 5 2 0 10 8 10 5 3 3 7 12 0 9 4 
1 2 1 3 2 0 0 3 1 1 4 0 1 4 3 4 2 0 2 2 2 9 12 13 12 0 5 9 0 10 4 11 5 15 5 7 2 10 13 5 
1 2 1 4 2 0 0 2 0 1 4 0 1 3 3 4 1 2 3 2 2 14 13 4 3 0 5 9 10 0 7 12 5 9 5 14 10 2 14 5 
0 1 1 3 2 0 0 2 1 4 4 0 1 3 3 4 1 1 2 2 10 11 14 15 2 0 5 9 0 8 5 13 5 9 5 15 2 10 15 5 
1 2 0 3 2 0 0 2 3 4 4 1 1 3 2 4 1 0 3 0 2 15 1 15 9 5 14 18 8 8 5 5 14 18 5 15 11 0 5 10 
1 2 0 3 0 0 0 2 2 3 4 1 1 3 2 4 1 0 3 0 2 15 1 15 10 5 15 9 18 8 5 5 15 18 5 15 12 0 5 11 
1 2 0 3 0 0 0 0 2 3 4 1 1 2 2 4 1 0 3 0 2 15 1 15 10 5 15 20 18 8 5 5 15 9 5 15 12 0 5 11 
1 2 0 3 0 0 0 2 0 2 4 1 1 3 2 4 1 0 3 0 2 15 1 15 10 5 15 9 20 18 5 5 15 8 5 15 12 0 5 11 
0 1 0 3 0 0 0 1 2 3 3 1 1 2 2 4 1 0 2 0 20 12 1 5 10 5 15 22 18 8 15 5 15 9 5 5 2 0 15 11 
1 2 0 3 0 0 0 1 2 2 3 1 1 1 0 4 1 0 2 0 2 5 1 5 10 5 15 22 8 18 15 5 15 23 20 5 12 0 15 11 
1 1 0 2 0 0 0 0 2 2 3 1 1 3 0 3 1 0 2 0 2 22 1 15 10 5 15 20 8 18 5 5 15 8 21 15 12 0 5 11 
1 1 0 2 0 0 0 2 0 2 3 1 1 2 0 3 1 0 2 0 2 23 1 15 10 5 15 18 20 8 5 5 15 19 22 15 12 0 5 11 
1 1 0 2 0 0 0 2 0 2 2 0 1 2 1 3 1 0 1 0 2 19 1 5 10 5 15 18 20 8 15 22 5 19 15 5 12 0 24 11 
0 1 0 2 0 0 0 1 2 2 2 0 1 1 1 2 1 0 1 0 20 18 1 5 10 5 15 12 8 18 15 23 5 13 14 25 2 0 25 11 
0 1 0 2 0 0 0 2 0 2 2 0 1 2 1 2 0 0 1 1 12 2 1 5 20 5 15 18 10 8 15 24 5 19 25 25 21 0 17 13 
0 1 0 2 1 0 0 2 0 0 2 0 1 2 1 2 0 0 1 1 12 2 1 5 29 5 15 8 10 20 15 25 5 9 25 25 22 0 17 13 
0 1 0 2 0 0 0 1 0 0 2 0 1 2 1 2 0 0 1 1 12 2 1 5 30 5 15 29 10 20 15 25 5 8 25 25 22 0 17 13 
0 1 0 2 0 0 0 0 0 0 2 0 1 2 1 2 0 0 1 1 12 17 1 5 30 5 15 31 10 20 15 25 5 8 23 25 22 0 27 13 
0 0 0 2 1 0 0 2 0 0 2 0 1 2 1 2 0 0 1 1 12 30 1 5 29 5 15 8 10 20 15 25 5 9 25 25 22 0 17 13 
0 0 0 2 0 0 0 1 0 0 2 0 1 2 1 2 0 0 1 1 12 31 1 5 30 5 15 29 10 20 15 25 5 8 25 25 22 0 17 13 
0 0 0 2 0 0 0 0 0 0 2 0 1 1 1 2 0 0 1 1 12 32 1 5 30 5 15 31 10 20 15 25 5 29 25 25 22 0 17 13 
0 0 0 2 0 0 0 1 0 0 2 0 1 1 1 2 0 0 1 1 2 22 32 5 21 5 15 19 0 10 15 25 5 29 25 25 12 20 33 15 
0 0 1 2 1 0 0 1 0 0 2 0 0 1 1 2 0 0 1 1 2 22 5 5 9 5 15 19 0 10 15 25 32 29 25 25 12 20 34 15 
0 0 1 1 1 0 0 1 0 0 2 0 0 1 1 2 0 0 0 1 2 22 5 35 9 5 15 19 0 10 5 25 33 29 25 15 12 20 30 15 
0 0 1 1 1 0 0 1 0 0 2 0 0 1 1 2 0 1 0 1 2 22 5 35 19 5 15 29 0 10 5 25 34 38 25 15 12 9 31 15 
0 0 1 1 1 0 0 1 0 0 1 0 0 1 1 2 0 0 0 1 2 22 5 34 9 5 15 19 0 10 37 25 35 29 25 5 12 20 32 15 
0 0 1 0 1 0 0 1 0 0 1 0 0 1 1 1 0 0 0 1 2 22 5 40 9 5 15 19 0 10 34 25 35 29 25 37 12 20 32 15 
0 0 1 0 1 0 0 1 0 0 1 0 0 1 1 1 0 0 0 1 2 22 5 41 9 5 15 19 0 10 34 25 35 29 25 37 12 20 32 15 
0 0 1 0 1 0 0 1 0 0 1 0 0 1 1 1 0 0 0 1 2 22 5 42 9 5 15 19 0 10 34 25 35 29 25 37 12 20 32 15 
0 0 1 0 1 0 0 1 0 1 0 0 0 1 1 1 0 1 0 1 2 22 5 40 19 5 15 29 0 38 43 25 35 45 25 35 12 9 32 15 
0 0 0 0 1 0 0 1 1 1 1 0 0 1 1 1 0 1 0 1 2 22 43 40 19 5 15 45 28 38 25 25 35 46 15 35 12 9 32 5 
0 0 0 1 0 0 0 1 1 1 1 0 0 1 1 1 0 0 0 1 2 22 44 25 43 5 15 9 28 38 35 25 35 19 15 45 12 42 32 5 
0 0 0 1 1 0 0 1 1 1 1 0 0 1 1 1 0 0 0 1 2 22 45 25 9 5 15 19 28 38 35 25 35 48 15 45 12 42 32 5 
0 0 0 1 1 0 0 1 1 1 1 0 0 1 1 1 0 0 0 1 2 22 45 25 9 5 15 19 28 38 35 25 35 48 15 45 12 49 32 5 
