0 0 0 1 1 2 1 2 2 2 2 2 2 2 2 2 0 1 0 1 0 0 1 2 1 20 5 15 0 5 2 12 0 9 15 1 12 19 4 14 21 1 2 0 10 10 11 20 5 15 
0 0 0 1 1 2 1 0 2 2 1 2 2 2 2 2 0 1 0 1 0 0 1 2 1 21 5 15 0 5 2 12 20 9 15 20 12 19 4 14 22 1 2 0 10 10 11 21 5 15 
0 0 0 0 1 1 1 2 2 2 2 1 2 2 2 2 0 1 0 1 0 0 1 2 1 22 5 15 20 5 10 12 4 9 15 12 20 2 13 14 19 1 2 0 0 10 11 22 5 15 
0 0 0 0 1 0 1 1 2 2 1 1 2 2 2 2 0 0 1 0 1 1 1 2 1 2 5 15 0 5 20 2 20 23 14 21 0 8 2 3 18 22 12 10 10 11 22 12 4 15 
0 0 0 0 1 0 1 1 2 2 1 1 2 1 1 2 0 0 0 0 1 1 1 2 1 2 5 15 0 5 21 2 1 24 14 10 21 8 11 20 18 23 12 20 10 0 23 12 4 15 
0 0 0 0 1 0 1 1 2 2 1 1 2 1 1 2 0 0 0 0 0 1 1 2 1 2 5 15 0 5 22 2 0 25 14 1 22 8 10 11 18 24 12 20 10 21 24 12 4 15 
0 0 0 0 1 1 0 1 2 2 1 1 2 1 2 2 0 0 0 0 0 1 1 2 1 2 5 15 0 5 12 22 0 25 14 14 22 8 24 28 18 25 12 20 10 21 25 2 4 15 
0 0 0 1 0 1 0 1 2 2 1 2 2 1 1 2 1 0 0 1 0 1 1 2 1 2 5 15 2 25 22 22 4 25 14 14 8 18 24 29 28 15 12 0 12 1 25 19 4 5 
0 0 0 0 0 1 1 0 2 2 1 1 1 1 2 2 1 1 0 0 0 1 2 2 1 2 5 15 12 25 2 28 32 27 15 4 12 22 14 19 8 15 19 14 22 24 24 24 4 5 
0 0 0 0 0 0 1 1 2 2 1 1 1 2 2 1 1 1 0 0 0 1 2 2 1 2 5 15 12 25 32 28 4 27 15 14 2 12 9 19 22 15 19 14 22 24 24 24 5 5 
0 0 0 0 0 0 1 0 2 2 1 1 1 2 2 1 1 1 0 0 0 1 2 2 1 2 5 15 12 25 32 28 34 27 15 4 2 12 9 19 22 14 18 14 22 24 24 24 5 5 
0 0 0 0 0 0 1 0 2 2 0 1 1 2 2 2 1 1 0 0 0 1 2 2 1 33 5 15 2 25 22 33 24 27 15 32 2 28 9 19 34 13 17 4 12 14 24 24 5 5 
0 0 0 0 0 0 2 0 2 2 1 0 1 2 2 1 1 1 0 0 0 1 2 2 1 34 5 15 2 25 22 24 24 34 15 2 32 18 9 19 28 14 34 4 12 14 24 27 5 5 
0 0 0 0 0 0 2 0 2 2 0 0 1 2 2 1 1 1 0 0 0 1 2 2 1 35 5 15 2 25 22 24 24 35 15 34 32 18 9 19 28 14 35 4 12 14 24 27 5 5 
2 0 0 0 0 1 2 0 2 1 0 1 2 0 2 2 0 2 0 0 0 1 2 1 1 4 5 15 2 25 18 15 22 35 35 23 28 18 24 38 28 35 7 4 12 14 14 25 24 5 
2 0 0 1 0 1 2 0 2 1 0 2 2 0 1 2 1 2 0 1 0 1 2 1 0 4 5 15 8 25 28 15 4 35 35 12 18 28 13 39 38 4 7 2 18 3 14 25 24 35 
0 0 0 1 0 2 2 1 2 1 1 2 2 1 2 2 1 2 0 1 0 1 2 1 0 43 5 15 8 25 8 15 19 35 35 29 18 28 39 45 38 4 5 2 44 3 15 25 25 35 
0 0 0 1 0 2 2 1 2 1 1 2 2 1 1 2 1 2 0 2 0 1 2 1 0 44 5 15 45 25 18 15 9 35 35 19 28 38 29 39 45 5 5 2 8 3 15 25 25 35 
0 0 0 2 0 2 2 1 2 1 1 2 2 2 2 2 1 1 1 2 1 1 2 1 0 45 5 15 8 25 28 5 29 25 35 39 35 37 39 47 45 5 45 9 18 19 15 15 25 35 
1 0 0 1 0 2 2 1 2 1 1 2 2 2 2 2 0 1 1 2 1 1 2 1 0 35 5 15 38 25 18 5 29 25 25 48 28 35 39 45 37 45 45 9 8 19 5 15 15 35 
1 0 0 1 0 2 2 1 2 1 1 2 2 2 2 2 0 1 0 1 1 1 2 1 0 35 5 15 38 25 8 5 19 25 25 29 18 28 37 38 35 45 45 49 48 9 5 15 15 35 
