0 0 3 1 3 4 3 6 2 6 7 4 4 6 7 7 0 3 1 4 1 5 5 6 4 3 2 5 2 7 0 3 8 3 2 8 7 0 3 8 0 3 7 3 8 3 7 0 0 0 7 0 8 6 2 3 0 3 7 6 
0 0 3 0 3 4 5 5 1 7 7 2 6 5 7 6 1 3 2 4 3 4 5 6 6 1 3 2 4 7 0 3 9 7 2 6 6 8 3 3 5 3 6 3 8 3 0 0 0 0 3 8 0 8 0 7 6 7 3 0 
0 0 4 0 4 5 4 6 1 6 7 2 5 4 7 5 1 3 2 4 3 5 6 6 5 1 3 2 3 6 0 3 8 8 0 8 6 5 3 10 3 3 6 3 5 3 0 0 0 10 3 10 3 8 0 8 6 8 9 0 
0 0 1 0 4 3 4 5 1 6 6 2 5 4 7 5 1 0 2 2 3 4 4 5 5 1 3 2 3 6 0 3 12 8 0 0 6 8 3 3 5 3 6 3 3 3 0 12 0 12 3 8 10 10 0 8 6 8 9 0 
0 0 3 0 4 4 4 4 1 5 6 2 5 3 7 3 0 3 1 3 1 4 4 5 5 1 2 2 2 5 0 3 10 8 0 3 14 10 3 5 3 3 8 3 3 6 12 0 0 13 12 5 8 3 0 8 0 8 12 11 
0 0 3 0 4 4 5 4 1 5 6 2 5 3 7 3 0 3 1 3 1 4 4 4 5 1 2 2 2 5 0 3 10 8 0 3 0 10 3 3 3 3 8 3 3 6 13 0 0 14 13 5 8 14 6 8 0 8 13 11 
0 0 1 0 4 3 4 4 1 5 6 2 4 3 7 3 0 0 1 2 1 3 3 4 4 1 2 2 2 5 0 3 12 8 0 0 8 3 3 3 3 3 14 3 3 6 14 12 0 12 14 10 14 5 11 8 0 8 14 0 
0 0 1 0 1 3 2 3 0 5 6 1 4 2 7 3 1 0 1 3 2 3 3 4 3 1 2 2 2 4 0 3 12 8 17 8 17 16 14 3 3 8 0 14 3 3 0 12 14 0 0 10 14 3 6 3 8 3 11 6 
0 0 2 0 0 3 3 3 0 5 6 1 4 2 7 2 1 0 1 3 1 3 3 4 3 1 2 2 2 4 0 3 11 8 18 5 0 17 14 3 3 8 0 13 3 16 0 12 13 3 16 8 10 3 14 3 0 3 8 6 
0 0 0 0 1 3 2 3 0 5 6 1 3 2 7 2 1 0 1 2 1 3 3 4 3 1 2 2 2 3 0 3 18 8 19 3 19 17 14 3 3 8 11 13 3 16 0 12 13 11 16 5 8 3 0 3 0 3 8 14 
0 0 1 0 3 2 3 3 0 5 6 1 3 2 7 2 0 0 1 2 1 2 3 4 3 1 1 2 2 3 0 3 19 8 0 11 6 17 14 3 3 8 11 13 3 16 18 12 0 0 13 19 3 3 8 3 16 3 8 14 
0 0 0 0 3 2 3 3 0 5 6 1 3 2 7 2 1 0 1 1 1 2 3 4 3 1 2 2 2 3 18 3 12 8 0 0 6 17 14 3 3 8 11 16 3 19 13 0 16 0 19 11 3 3 8 3 8 3 13 14 
0 0 0 0 3 2 3 3 0 5 6 1 3 2 7 2 1 0 1 1 1 2 3 4 3 1 2 2 2 3 18 3 21 8 0 0 6 17 14 3 3 8 11 16 3 19 13 0 16 0 19 11 3 3 8 3 8 3 13 14 
0 0 1 0 3 2 3 2 0 3 4 1 3 2 5 2 0 0 1 1 1 2 2 3 3 1 1 2 2 3 18 3 0 8 0 0 6 22 14 17 3 8 11 13 3 16 21 0 13 22 16 11 19 3 8 3 19 3 8 14 
0 0 1 0 3 2 3 2 0 3 3 1 3 2 4 2 0 0 1 1 1 2 2 3 3 1 1 2 2 3 18 3 0 8 0 0 6 19 14 17 23 8 11 16 3 22 22 0 14 20 17 11 14 3 8 3 22 3 8 14 
0 0 0 0 2 1 3 2 0 2 3 1 3 2 3 2 0 0 1 1 1 1 2 2 3 1 1 2 2 3 18 3 26 8 27 20 0 11 14 19 3 8 8 16 23 22 22 0 14 0 17 26 0 14 6 3 22 3 8 11 
0 0 1 0 2 1 2 2 0 3 3 1 3 2 3 2 0 0 0 1 1 2 2 2 3 1 1 2 1 3 18 3 0 8 0 19 20 14 14 3 23 8 6 16 27 22 22 0 26 14 16 8 10 27 0 3 22 3 26 8 
0 0 1 0 2 1 2 2 0 3 3 1 3 2 3 2 0 0 0 1 1 2 2 2 3 1 1 2 1 3 18 3 0 8 0 19 20 14 14 3 23 8 6 16 27 27 22 0 27 14 16 8 10 23 0 3 22 3 27 8 
0 0 0 0 1 0 1 2 1 3 3 2 2 2 3 2 0 0 0 0 1 1 2 2 1 1 1 2 1 2 8 3 11 27 0 19 11 10 3 3 23 3 0 16 27 22 16 0 22 14 8 14 8 14 20 27 16 27 22 20 
0 0 0 0 0 0 1 2 1 3 3 2 1 2 3 2 0 0 0 0 1 1 2 2 1 1 1 2 1 2 8 3 11 27 32 19 0 10 3 3 23 3 32 16 27 22 16 0 22 14 8 14 8 14 11 27 16 27 22 0 
0 0 0 0 0 1 0 2 1 3 3 2 1 2 3 2 0 0 0 1 1 2 2 2 1 1 1 2 1 2 8 3 32 27 0 32 11 14 3 3 23 3 11 16 27 22 16 14 22 14 8 8 10 32 0 27 16 27 22 0 
0 0 0 0 0 0 1 1 1 1 1 2 2 2 2 2 0 0 0 0 1 0 1 1 2 1 1 2 1 2 16 3 10 27 0 32 0 10 3 32 34 3 11 16 8 22 22 8 38 14 16 34 8 14 0 27 22 27 38 14 
0 0 0 0 0 0 1 1 1 1 1 2 1 2 2 2 0 0 0 0 1 0 0 1 1 1 1 2 1 2 16 3 10 27 0 32 0 8 3 14 32 3 38 16 23 40 22 8 40 14 16 34 38 10 35 27 22 27 40 0 
0 0 0 0 0 0 1 1 1 1 2 2 1 2 2 2 0 0 0 0 0 0 0 1 1 1 1 2 1 1 16 3 10 27 0 32 0 8 3 47 23 3 14 16 47 40 22 8 40 14 46 34 38 23 11 27 16 27 40 32 
0 0 0 0 0 0 0 1 1 2 2 2 1 2 2 2 0 0 0 0 0 0 1 1 0 1 1 2 1 1 16 3 10 27 0 32 35 47 3 23 47 3 0 16 51 40 22 8 40 14 46 51 23 51 38 27 16 27 40 8 
0 0 0 0 0 0 0 1 1 2 2 2 1 2 2 2 0 0 0 0 1 0 0 1 0 1 1 2 1 1 16 3 10 27 0 23 35 23 3 23 47 3 0 16 51 40 40 8 51 14 16 32 47 47 38 27 40 27 51 8 
0 0 0 0 0 1 0 2 0 2 2 1 0 2 2 2 0 0 0 0 1 1 2 2 0 1 1 1 1 0 16 3 23 27 0 23 11 27 51 47 51 27 32 3 65 16 40 8 64 47 16 47 23 41 14 3 40 51 64 35 
0 0 0 0 0 1 0 2 0 2 2 1 0 2 2 2 0 0 0 0 1 1 1 2 0 1 1 1 1 0 16 3 47 27 0 23 8 23 51 47 51 27 14 3 71 16 40 23 64 71 16 47 71 27 11 3 40 51 64 32 
