0 2 3 3 2 3 4 4 1 5 6 4 6 2 5 5 0 5 1 5 0 0 0 2 4 4 0 2 0 2 5 4 7 1 5 8 4 0 4 4 
0 0 2 3 2 3 3 4 1 5 6 4 6 2 5 4 0 1 1 3 1 0 0 0 5 5 2 2 1 8 5 5 7 2 5 4 5 0 5 4 
0 0 2 3 2 3 3 4 1 5 6 4 6 2 5 1 0 0 1 1 1 0 0 1 5 5 3 2 1 8 5 5 7 2 5 10 5 10 5 0 
0 0 0 1 2 3 2 2 1 3 4 4 5 2 5 4 0 1 1 3 1 0 10 10 5 5 0 10 1 2 2 5 8 2 5 4 5 0 5 4 
0 0 1 2 2 3 2 3 1 4 5 4 5 0 2 2 0 1 1 1 1 0 11 0 5 5 11 2 1 2 5 5 7 10 2 10 5 0 5 10 
0 0 1 1 2 3 2 2 1 2 5 4 5 0 2 5 0 0 1 1 1 0 10 12 5 5 0 10 1 12 5 5 7 11 2 9 5 10 5 0 
0 0 1 1 2 3 2 2 0 2 2 4 5 1 1 2 0 0 1 2 1 0 0 10 5 5 0 2 11 10 12 5 5 2 12 14 5 10 5 4 
0 1 0 0 2 3 1 1 1 1 2 4 2 0 2 4 0 2 1 3 12 4 0 10 5 5 0 2 12 10 2 5 11 2 13 15 5 4 5 15 
2 0 0 1 1 1 2 2 3 3 4 2 4 0 4 3 0 1 0 2 13 10 0 2 5 12 2 11 5 15 8 5 15 2 5 9 5 4 12 4 
2 0 0 0 1 1 1 2 3 2 4 2 4 3 4 4 0 1 0 3 14 4 2 11 5 13 2 2 5 12 8 5 15 15 5 17 5 4 13 9 
2 0 0 0 1 1 1 1 3 4 4 2 4 3 4 3 0 1 0 3 15 4 2 12 5 14 2 12 5 8 15 5 17 15 5 18 5 4 14 9 
2 0 0 0 1 1 2 3 3 4 4 2 4 3 4 4 0 0 0 3 14 4 2 12 5 15 18 18 5 8 15 5 17 15 5 19 5 14 15 9 
2 3 2 2 1 1 3 3 3 4 4 2 4 0 1 4 0 3 0 3 14 9 18 24 5 15 15 17 5 5 7 5 15 23 23 9 5 19 15 25 
0 3 2 3 1 1 3 3 2 3 3 2 4 1 2 4 0 3 0 4 23 9 18 5 5 15 7 15 14 17 25 5 5 24 24 8 5 19 15 7 
0 3 2 3 1 1 3 3 2 3 3 2 4 1 2 4 0 3 0 3 24 9 18 5 5 15 7 15 14 17 25 5 5 25 25 7 5 19 15 27 
0 2 2 3 1 1 3 3 1 3 3 2 3 2 2 4 0 3 0 3 25 28 18 5 5 15 7 15 25 17 25 5 27 15 25 5 5 9 15 19 
1 1 2 2 0 1 2 3 2 3 3 1 3 2 2 3 0 3 0 3 25 29 8 18 25 5 28 5 4 7 15 15 17 15 25 25 5 9 15 19 
1 3 0 1 0 1 1 2 2 2 2 1 2 2 2 3 0 3 0 3 24 5 34 28 25 5 34 8 4 18 28 15 34 15 25 8 5 6 15 7 
1 3 0 1 0 1 1 2 2 2 2 1 2 2 2 3 0 3 0 3 24 5 35 28 25 5 35 8 4 18 28 15 35 15 25 8 5 6 15 7 
1 2 1 2 0 1 2 2 2 2 2 1 2 0 1 3 0 2 0 2 24 19 28 8 25 5 15 17 4 25 27 15 35 35 35 5 5 29 15 37 
0 1 2 2 0 1 2 2 1 2 2 1 2 1 2 2 0 1 0 2 35 29 8 15 25 5 17 25 25 27 35 15 37 35 5 29 5 38 15 19 
