0 0 1 3 0 3 3 4 5 5 1 0 3 0 4 5 5 5 1 1 1 6 6 6 2 6 2 2 6 2 7 7 1 3 6 2 3 7 4 4 5 7 1 2 7 3 4 7 5 7 4 5 7 6 4 6 5 7 7 7 7 5 7 7 0 0 2 3 0 4 4 5 0 0 2 5 4 4 4 5 6 6 1 1 5 6 1 6 6 6 6 7 2 2 3 6 3 3 7 3 7 31 31 16 8 18 26 7 7 20 0 23 0 27 25 1 28 21 3 12 23 1 7 13 3 21 8 12 18 23 7 13 7 12 31 7 7 2 3 18 16 5 16 16 10 23 8 18 17 21 12 25 24 4 19 20 8 4 12 26 29 12 28 31 0 3 31 31 12 16 23 0 19 16 0 24 28 0 30 4 0 5 8 19 30 12 27 28 10 16 25 23 19 27 3 29 8 19 0 27 
0 0 1 3 0 2 2 3 4 4 1 0 3 0 4 4 6 5 1 1 1 5 6 6 2 6 2 2 6 2 7 7 0 3 6 1 1 6 4 3 4 7 1 2 7 3 4 7 5 7 4 5 7 5 5 5 5 6 6 7 7 5 7 7 0 0 2 3 0 3 4 4 0 0 2 4 5 4 4 4 5 6 1 1 5 5 1 5 6 6 7 6 2 2 3 6 3 3 6 3 7 23 23 16 8 7 29 7 7 20 0 25 0 30 4 21 0 4 3 12 25 25 7 13 3 31 8 12 18 25 13 31 29 12 24 7 29 29 8 18 16 1 16 16 3 25 12 5 1 10 30 17 18 7 8 20 12 4 12 21 26 30 25 29 0 3 23 23 12 28 28 0 19 16 0 24 28 1 17 25 0 2 8 19 21 16 30 24 5 10 7 23 19 30 3 21 8 19 26 30 
0 0 1 3 0 1 1 2 3 3 1 0 3 0 4 4 6 5 1 1 1 5 6 6 2 6 2 2 6 2 7 7 0 3 6 0 1 6 4 2 3 7 1 2 7 3 4 7 5 7 4 5 7 4 5 4 5 5 5 7 7 5 7 7 0 0 2 3 0 3 4 2 0 0 2 4 5 4 4 4 4 6 1 1 5 4 1 4 6 6 7 5 2 2 3 6 3 3 6 3 7 23 23 16 8 29 34 7 7 34 0 25 0 30 4 21 1 4 3 12 25 25 7 13 3 31 8 12 18 25 13 31 29 12 25 34 7 29 8 29 18 1 16 16 3 25 12 5 1 10 30 17 18 16 8 24 12 0 7 21 26 30 25 29 0 3 23 23 12 28 28 34 19 16 0 0 28 1 17 25 7 3 8 19 21 20 30 34 5 10 7 34 19 30 3 21 8 19 27 30 
0 3 3 4 0 2 2 3 3 4 1 0 3 0 3 4 6 4 0 1 1 5 5 5 1 5 1 2 6 2 6 7 0 2 6 1 1 7 3 3 3 7 1 2 7 3 4 7 4 7 4 4 7 4 4 5 5 6 6 7 7 5 7 7 0 0 4 5 0 6 6 3 0 0 2 4 6 3 3 4 4 6 1 1 5 5 1 5 6 6 5 7 2 2 2 6 2 3 7 3 7 16 18 18 8 7 31 0 24 0 0 23 1 27 25 1 10 25 32 8 19 4 13 21 27 25 32 3 29 12 13 13 31 32 34 7 31 5 32 7 31 8 16 16 10 4 8 18 21 21 12 28 26 31 32 12 8 1 25 29 32 32 25 34 0 3 16 18 12 2 5 20 19 16 0 7 8 21 28 4 20 18 3 12 1 7 23 31 21 26 28 1 8 19 23 32 27 8 2 12 
0 3 3 4 0 1 1 2 3 3 1 0 3 0 3 4 6 4 0 1 1 5 5 5 1 5 1 2 6 2 6 7 0 2 6 0 1 7 3 2 3 7 1 2 7 3 4 7 4 7 4 4 7 4 4 5 5 5 6 7 7 5 7 7 0 0 4 5 0 6 6 2 0 0 2 4 6 3 3 4 4 6 1 1 5 5 1 5 6 6 5 6 2 2 2 6 2 3 7 3 7 16 18 18 8 31 36 7 7 36 0 23 1 27 25 1 10 25 32 8 19 4 13 21 27 25 32 3 29 12 13 13 31 32 34 36 7 5 32 31 31 8 16 16 10 4 8 18 21 21 12 28 26 36 32 12 8 36 1 29 32 32 1 34 0 3 16 18 12 2 5 36 19 16 0 7 8 21 28 4 31 18 3 12 1 7 23 31 21 26 28 25 8 19 23 32 27 8 2 12 
0 0 1 3 0 2 2 3 4 5 1 0 3 0 3 4 5 4 0 1 1 5 5 5 1 5 1 2 6 2 6 7 0 2 6 1 1 6 3 3 5 6 1 2 6 3 4 7 4 7 4 4 7 6 4 7 5 7 7 7 7 5 7 7 0 0 2 3 0 4 4 4 0 0 2 5 5 3 3 4 6 6 1 1 5 6 1 7 6 6 5 7 2 2 2 6 2 3 6 3 7 36 36 18 8 7 31 7 31 12 0 23 1 27 25 1 36 25 32 8 19 4 13 21 27 25 32 3 10 12 13 13 31 32 26 7 31 32 32 31 7 34 16 16 36 4 8 2 21 5 12 28 8 19 32 1 8 25 27 10 21 32 37 32 0 3 36 36 12 18 36 7 19 16 0 31 18 21 28 4 1 2 3 12 1 25 23 19 5 8 28 35 8 19 23 21 27 8 29 12 
0 3 3 4 0 2 2 3 3 4 0 0 2 0 3 3 5 4 0 1 1 5 5 5 1 5 1 2 6 2 6 7 0 2 6 1 1 6 3 3 4 6 1 1 6 2 4 7 4 7 4 4 7 5 4 5 5 7 7 7 7 5 7 7 0 0 3 4 0 4 5 3 0 0 1 4 5 2 3 3 4 6 1 1 4 5 1 6 6 6 5 7 2 2 2 6 2 3 6 3 7 5 18 5 8 7 31 4 31 7 36 23 0 27 1 25 29 21 32 8 19 1 13 21 27 25 32 3 10 12 13 13 31 32 26 7 31 32 32 7 4 34 0 36 37 16 8 2 1 5 12 25 8 4 32 12 8 11 19 21 32 32 35 37 0 3 29 18 12 29 5 28 19 16 16 28 18 36 21 36 31 2 3 12 36 7 23 19 5 8 36 27 8 19 23 21 27 8 29 12 
0 3 3 4 0 2 2 3 3 3 1 0 3 0 3 4 5 4 0 1 1 5 5 5 1 5 1 1 6 2 6 6 0 2 6 1 1 6 2 3 3 6 1 2 6 3 3 7 4 7 3 4 7 4 4 7 4 7 7 7 7 5 7 7 0 0 3 4 0 4 5 3 0 0 2 4 5 3 3 4 4 5 0 1 5 6 1 7 6 6 5 7 1 2 2 6 2 2 6 2 7 5 18 5 8 7 31 4 28 36 0 23 1 27 25 1 29 25 32 3 12 13 21 25 23 31 27 32 8 3 13 37 31 23 21 7 31 29 36 7 31 32 16 16 34 13 8 2 21 8 32 37 13 12 8 11 32 19 27 21 32 8 39 37 0 3 29 18 12 29 5 12 19 16 0 4 18 21 37 13 7 34 36 8 1 19 19 15 2 5 37 35 36 8 12 10 19 27 26 32 
0 3 3 4 0 1 1 2 3 3 1 0 3 0 3 4 5 4 0 1 1 5 5 5 1 5 1 1 6 2 6 6 0 2 6 0 1 6 2 2 3 6 1 2 6 3 3 7 4 7 3 4 7 3 4 7 4 7 7 7 7 5 7 7 0 0 3 4 0 4 5 2 0 0 2 3 5 3 3 4 3 5 0 1 5 6 1 7 6 6 5 7 1 2 2 6 2 2 6 2 7 5 18 5 8 31 40 7 4 12 0 23 1 27 25 1 29 25 32 3 12 13 21 25 23 31 27 32 8 3 13 37 31 23 21 40 7 29 36 31 7 32 16 16 34 13 8 2 21 8 32 37 13 36 8 11 32 19 27 21 32 8 39 37 0 3 29 18 12 29 5 40 19 16 0 28 18 21 37 13 31 34 36 8 1 19 19 15 2 5 37 35 36 8 12 10 19 27 26 32 
0 0 1 3 0 2 2 3 3 3 1 0 3 0 3 4 4 4 0 1 1 5 5 5 1 5 1 1 5 2 6 6 0 2 6 1 1 6 2 3 3 6 1 2 6 3 3 6 4 7 3 4 7 6 4 7 4 7 7 7 7 5 7 7 0 0 2 3 0 3 4 3 0 0 2 4 4 3 3 4 6 5 0 1 5 7 1 7 5 5 5 7 1 2 2 6 2 2 6 2 7 40 40 5 8 7 31 4 28 36 0 23 1 27 25 1 29 25 32 3 12 13 21 25 23 31 27 32 34 3 13 37 31 23 5 7 31 10 36 7 31 21 16 16 26 13 8 32 21 8 32 37 13 35 8 11 32 19 27 21 32 8 39 37 0 3 40 18 12 29 5 12 19 16 0 4 18 21 37 13 19 5 36 8 1 3 19 15 18 29 37 35 36 8 12 2 19 27 8 32 
0 3 3 4 0 2 2 3 3 6 0 0 2 0 3 3 5 4 0 1 1 4 4 5 1 5 1 1 6 2 5 5 0 2 6 1 1 6 2 3 6 6 1 1 6 2 3 6 3 7 3 4 7 6 4 7 4 7 7 7 7 5 7 7 0 0 3 4 0 4 5 3 0 0 1 6 5 2 3 3 6 5 0 1 4 7 1 7 5 5 5 7 1 2 2 6 2 2 6 2 7 5 18 5 8 7 31 4 28 19 40 23 0 27 1 21 24 1 32 3 12 25 37 1 23 13 27 32 2 3 31 37 31 23 8 7 31 13 36 7 15 21 0 40 32 16 8 37 37 8 32 13 13 39 8 11 32 19 27 21 32 8 39 37 0 3 29 18 12 29 5 12 19 16 16 27 18 40 13 25 35 26 36 8 21 3 19 15 29 34 21 35 36 8 12 5 19 27 10 32 
0 3 3 3 0 2 2 6 6 6 0 0 2 0 3 3 5 4 0 1 1 4 4 5 1 5 1 1 5 2 5 5 0 2 5 1 1 6 2 6 6 6 1 1 6 2 3 6 3 7 3 4 7 7 4 7 4 7 7 7 7 5 7 7 0 0 3 4 0 4 4 6 0 0 1 6 4 2 3 3 6 5 0 1 4 7 1 7 5 5 5 7 1 2 2 5 2 2 6 2 7 5 18 42 8 7 31 3 19 35 41 23 0 27 1 21 5 1 32 3 12 25 37 1 23 13 27 32 29 3 31 37 31 23 42 7 31 13 36 11 27 21 0 41 32 16 8 37 37 8 32 13 13 3 8 15 32 27 35 21 32 8 43 37 0 3 29 5 12 18 29 15 19 16 16 39 42 41 13 25 43 18 36 8 21 11 19 19 24 26 21 39 36 8 12 34 19 27 8 32 
0 0 1 3 0 2 2 3 5 6 1 0 3 0 3 4 4 4 0 0 1 4 5 5 1 5 1 1 5 1 5 5 0 2 5 1 1 6 2 4 5 6 1 2 6 3 2 6 4 7 2 4 7 6 2 6 3 6 7 7 7 3 7 7 0 0 2 3 0 3 4 4 0 0 2 6 4 3 3 4 6 4 0 1 4 6 1 6 5 5 5 7 1 1 2 5 2 2 6 2 7 40 40 5 8 7 31 43 19 3 0 23 1 27 25 1 29 21 32 42 8 37 1 7 19 13 23 27 26 36 31 37 31 12 34 7 31 13 27 19 43 21 16 16 32 13 32 37 13 8 36 25 13 19 42 35 8 43 3 21 32 32 15 37 0 3 40 18 12 29 5 43 19 16 0 11 10 21 37 7 15 34 36 3 31 27 12 39 5 10 21 11 32 42 3 29 8 19 8 23 
0 3 3 4 0 2 2 3 4 5 0 0 2 0 3 3 4 4 0 0 1 4 4 4 1 5 1 1 5 1 5 5 0 2 5 1 1 5 2 3 5 6 1 1 6 2 2 6 3 6 2 4 6 6 2 6 3 6 6 6 7 3 7 7 0 0 3 4 0 4 4 4 0 0 1 6 4 2 3 3 6 5 0 1 4 6 1 6 5 5 5 7 1 1 2 5 2 2 5 2 7 5 29 5 8 7 31 19 43 43 40 23 0 27 1 21 45 1 32 43 8 21 31 37 19 7 23 27 21 36 31 37 31 12 29 7 31 45 27 43 19 8 0 40 13 16 32 21 37 32 36 7 37 15 43 27 8 39 43 45 8 32 11 32 0 3 45 10 12 26 29 19 19 16 16 3 34 40 13 25 11 2 36 3 13 19 12 35 5 10 13 3 32 43 3 26 8 19 34 23 
0 0 1 3 0 2 2 3 4 5 0 0 2 0 3 3 4 3 0 0 1 4 4 4 1 5 1 1 5 1 5 5 0 2 5 1 1 5 2 3 5 5 1 1 5 2 2 5 3 6 2 4 6 6 2 6 3 6 6 6 7 3 6 7 0 0 2 3 0 4 4 4 0 0 1 6 4 2 3 3 6 4 0 1 4 6 1 6 4 4 5 6 1 1 2 5 2 2 5 2 7 47 47 5 8 7 31 19 43 43 40 23 0 27 1 21 26 45 32 43 8 13 31 37 19 7 23 27 2 36 31 37 31 12 10 7 31 26 27 43 19 29 0 40 34 16 32 45 37 8 36 1 13 15 43 22 8 35 37 32 8 32 43 32 0 3 47 29 12 5 10 19 19 16 16 3 21 40 13 25 11 29 36 3 7 19 12 27 34 45 13 39 32 43 3 5 8 19 21 23 
0 3 3 3 0 2 2 3 4 5 0 0 1 0 2 2 4 3 0 0 1 4 4 4 1 5 1 1 5 1 5 5 0 2 5 1 1 5 2 3 5 5 0 1 5 1 2 5 3 6 2 3 6 6 2 6 3 6 6 6 7 3 6 7 0 0 3 4 0 4 4 4 0 0 1 6 4 2 2 3 6 4 0 1 4 6 1 6 4 4 5 6 1 1 2 5 2 2 5 2 7 5 26 45 8 7 31 19 43 43 40 23 40 27 16 47 26 21 32 43 8 13 31 37 19 7 23 27 2 36 31 37 31 12 10 7 31 26 27 43 19 29 47 16 34 47 32 45 13 8 36 37 13 15 43 22 8 35 37 32 8 32 43 32 0 3 29 2 12 5 10 19 19 16 0 3 21 0 40 1 11 29 36 3 7 19 12 27 34 45 13 39 32 43 3 5 8 19 21 23 
0 3 3 3 0 1 1 2 2 3 0 0 2 0 2 3 4 3 0 0 1 4 4 4 1 5 1 1 4 1 5 5 0 2 4 0 1 5 2 2 3 5 1 1 5 2 2 5 3 5 2 3 6 5 2 5 2 5 6 6 7 2 6 7 0 0 3 3 0 3 3 2 0 0 1 4 4 2 3 3 4 4 0 0 4 5 1 5 4 4 5 6 1 1 1 4 1 2 4 2 7 5 10 29 8 31 47 7 47 43 40 23 0 27 40 7 5 31 32 43 3 13 31 37 12 7 19 23 29 32 31 37 31 3 45 47 7 2 19 26 19 5 0 40 10 16 27 21 21 45 32 37 8 19 36 35 43 51 3 32 8 48 13 32 0 3 26 34 12 45 50 31 19 16 16 19 2 23 1 13 43 10 36 48 7 27 8 43 21 26 13 11 27 36 43 34 48 8 50 12 
0 0 1 3 0 2 2 2 4 5 0 0 2 0 2 3 3 3 0 0 1 4 4 4 1 5 1 1 4 1 5 5 0 2 4 1 1 4 2 3 4 4 1 1 4 2 2 5 3 5 2 3 6 5 2 5 2 6 6 6 7 2 6 7 0 0 2 3 0 3 3 3 0 0 1 5 3 2 3 3 5 3 0 0 4 5 1 5 4 4 5 6 1 1 1 4 1 2 4 2 7 47 47 5 8 7 26 31 19 3 40 23 0 27 40 7 45 31 32 43 3 13 31 37 12 7 19 23 10 32 31 37 31 3 26 7 31 34 19 19 43 45 0 40 50 16 27 21 21 45 32 37 8 27 36 43 43 3 11 32 8 49 15 32 0 3 47 10 12 26 29 43 19 16 16 11 34 23 1 13 19 50 36 49 7 35 8 51 2 5 13 13 27 36 43 21 49 8 29 12 
0 0 1 3 0 1 1 2 2 3 0 0 2 0 2 3 3 3 0 0 1 4 4 4 1 5 1 1 4 1 5 5 0 2 4 0 1 4 2 2 3 4 1 1 4 2 2 5 3 5 2 3 6 5 2 5 2 5 5 6 7 2 6 7 0 0 2 3 0 3 3 2 0 0 1 4 3 2 3 3 4 3 0 0 4 5 1 5 4 4 5 5 1 1 1 4 1 2 4 2 7 47 47 5 8 31 53 7 53 43 40 23 0 27 40 7 45 31 32 43 3 13 31 37 12 7 19 23 10 32 31 37 31 3 26 53 7 34 19 26 19 45 0 40 50 16 27 21 21 45 32 37 8 3 36 19 43 35 43 32 8 49 3 32 0 3 47 10 12 26 29 31 19 16 16 19 34 23 1 13 43 50 36 49 7 11 8 27 2 5 13 51 27 36 43 21 49 8 29 12 
0 2 3 3 0 1 1 2 2 3 0 0 1 0 2 2 3 3 0 0 0 4 4 4 1 5 1 1 4 1 5 5 0 2 4 1 1 4 2 2 3 4 1 1 4 1 2 5 3 5 2 3 6 4 2 5 2 5 5 6 7 2 5 7 0 0 3 3 0 3 3 2 0 0 1 4 3 2 2 3 4 3 0 0 4 5 1 5 3 4 5 5 1 1 1 4 1 2 4 2 7 40 2 10 8 31 50 7 50 43 40 23 40 27 16 47 45 31 32 43 51 13 31 37 8 7 12 19 5 32 31 37 31 3 21 7 26 29 19 26 19 34 0 23 45 47 27 21 13 45 32 37 8 51 36 11 43 27 35 32 8 51 51 32 0 3 5 21 12 26 29 31 19 16 16 19 34 0 23 7 43 50 36 47 7 3 3 19 53 2 13 43 27 36 43 10 51 8 26 12 
0 2 3 3 0 1 1 1 2 3 0 0 1 0 2 2 3 3 0 0 0 4 4 4 1 5 1 1 4 1 5 5 0 2 4 0 1 4 2 1 3 4 1 1 4 1 2 5 3 5 2 3 6 4 2 5 2 5 5 6 7 2 5 7 0 0 3 3 0 3 3 2 0 0 1 4 3 2 2 3 4 3 0 0 4 5 1 5 3 4 5 5 1 1 1 4 1 2 4 2 7 40 2 10 8 26 31 50 27 43 40 23 40 27 17 47 45 31 32 43 51 13 31 37 8 7 12 19 5 32 31 37 31 4 21 55 7 29 20 55 19 34 0 23 45 47 28 21 13 45 32 37 8 51 36 11 43 27 35 32 8 51 51 32 0 3 5 21 12 26 29 8 19 16 16 19 34 1 24 7 43 50 36 47 7 3 3 19 53 2 13 43 27 36 43 10 51 9 26 13 
0 0 1 2 0 1 3 3 4 4 0 0 1 0 2 2 3 3 0 0 0 4 4 4 1 5 1 1 3 1 5 5 0 2 3 1 1 4 2 4 4 4 1 1 4 1 2 5 3 5 2 3 6 5 2 5 2 5 5 6 7 2 5 7 0 0 2 3 0 3 3 4 0 0 1 4 3 2 2 3 4 3 0 0 4 5 1 5 3 3 5 5 1 1 1 3 1 2 4 2 7 55 55 55 8 32 19 43 27 43 40 23 41 27 16 47 26 31 32 43 51 13 31 37 9 7 13 20 50 33 31 37 31 4 55 8 27 5 19 11 35 21 1 24 45 48 26 21 13 45 30 37 8 3 34 19 43 35 43 32 8 51 56 32 0 3 38 2 12 5 10 19 19 16 17 51 21 1 23 7 56 29 36 47 7 11 4 27 34 45 13 51 28 37 44 53 51 8 2 12 
0 0 1 1 0 3 3 3 4 4 0 0 2 0 3 3 3 4 0 0 1 4 4 5 1 5 1 1 3 1 5 5 0 2 3 0 1 4 2 3 4 5 0 1 5 2 2 6 3 6 2 4 6 4 2 5 2 5 5 7 7 2 5 7 0 0 1 2 0 2 2 4 0 0 1 4 2 2 3 3 4 3 0 0 4 5 1 5 3 3 5 5 1 1 1 3 1 2 4 2 8 47 16 47 9 19 35 43 11 27 24 28 1 32 7 31 2 7 36 49 4 37 55 7 12 13 19 26 26 34 37 55 27 4 45 53 53 45 19 51 19 21 40 23 45 23 26 8 55 32 30 13 56 51 34 11 43 27 35 8 32 54 51 56 1 4 38 16 13 38 47 3 20 17 1 35 52 49 13 37 43 5 43 54 31 3 8 19 10 21 31 43 30 43 49 29 54 8 21 12 
0 0 0 1 0 3 3 4 4 4 0 0 2 0 2 3 3 3 0 0 1 4 4 4 1 5 1 1 3 1 5 5 3 2 4 3 3 5 2 4 4 5 1 1 5 2 2 6 3 6 2 4 6 5 2 5 2 5 5 7 7 2 5 7 0 0 1 2 0 2 2 4 0 0 1 4 3 2 3 3 4 3 0 0 4 5 1 5 3 3 5 5 1 1 1 3 1 2 4 2 7 16 38 38 8 51 59 3 27 43 47 26 1 30 52 13 5 55 34 51 4 31 37 55 12 7 19 26 29 34 31 37 19 4 21 35 43 21 19 11 35 45 1 47 56 23 26 8 37 32 30 7 56 3 34 19 43 35 43 8 32 56 59 56 0 3 16 16 12 38 47 19 19 23 23 51 2 49 7 31 59 10 43 56 13 11 8 27 21 26 13 51 30 43 51 45 56 8 45 12 
3 0 0 1 0 3 3 3 4 4 0 0 2 0 2 3 2 3 0 0 1 4 4 4 1 4 1 1 4 1 5 5 3 2 5 3 3 5 2 4 4 5 1 1 5 2 2 6 3 6 2 3 6 5 2 5 2 5 5 7 7 2 5 7 0 0 0 1 0 1 2 4 0 0 1 4 2 2 3 3 4 2 0 0 4 5 1 5 3 3 4 5 1 1 1 4 1 2 5 2 3 16 38 16 8 35 43 51 19 35 47 26 1 30 52 13 47 55 34 51 4 13 31 37 12 55 19 26 21 34 13 37 11 4 8 19 27 32 19 3 27 45 1 47 56 23 26 8 37 32 30 59 56 3 34 19 43 35 43 8 32 56 59 56 1 4 60 38 12 60 16 11 19 23 23 43 38 49 7 31 51 60 43 56 7 11 8 27 21 45 59 51 30 43 51 45 56 8 21 12 
3 0 0 1 0 3 3 3 4 4 0 0 1 0 2 2 4 3 0 0 1 3 3 4 1 4 1 1 4 1 5 5 3 2 5 3 3 5 2 4 4 5 0 1 5 1 2 6 3 6 2 3 6 4 2 5 2 5 5 7 7 2 5 7 0 0 1 2 0 2 3 4 0 0 1 4 3 2 2 2 4 4 0 0 3 5 1 5 4 4 4 5 1 1 1 5 1 2 5 2 3 16 38 38 8 35 43 51 19 35 47 26 47 30 23 52 21 13 34 51 4 55 59 7 12 13 19 26 61 34 13 37 11 4 21 19 27 45 19 3 27 56 60 23 61 60 27 8 7 32 32 31 56 59 36 11 43 27 35 8 32 56 51 56 1 4 16 16 12 47 21 11 19 23 1 43 45 1 49 60 51 32 43 56 37 3 8 19 45 56 37 43 30 43 51 8 56 8 32 12 
3 0 0 1 0 3 3 3 4 4 0 0 2 0 2 2 3 2 0 0 0 3 4 4 1 4 1 1 4 1 5 5 3 1 5 3 3 5 2 3 4 5 1 1 5 2 2 6 2 6 2 3 6 4 2 5 2 5 5 7 7 2 5 7 0 0 0 3 0 3 3 4 0 0 1 4 3 2 2 2 4 4 0 0 3 4 1 5 4 4 5 5 1 1 1 4 1 1 5 2 3 16 38 16 8 35 43 51 11 27 47 26 1 30 25 41 56 52 34 50 58 61 13 37 8 61 12 19 45 32 37 61 11 56 8 19 27 32 8 59 19 45 1 47 56 17 12 8 49 32 32 13 56 51 36 3 56 19 27 8 32 60 43 56 1 4 62 8 12 21 32 3 19 23 23 35 45 21 28 45 43 8 43 54 37 59 4 11 21 32 13 35 27 36 43 56 51 60 21 4 
3 0 2 2 0 3 3 3 4 4 0 0 1 0 2 2 3 2 0 0 0 3 4 4 1 4 1 1 4 1 5 5 3 1 5 3 3 5 2 3 4 5 0 1 5 1 2 6 2 6 2 3 6 4 2 4 2 5 5 7 7 2 5 7 0 0 2 3 0 3 3 3 0 0 1 4 3 2 2 2 4 4 0 0 3 4 1 4 4 4 5 5 1 1 1 4 1 1 5 2 3 16 18 66 8 35 43 51 3 19 47 27 47 32 21 28 56 52 36 51 60 61 13 37 8 61 12 19 45 32 37 61 11 56 8 19 27 32 8 59 11 45 65 23 56 65 12 8 49 32 32 13 56 43 36 59 56 3 11 8 32 60 27 56 1 4 42 8 12 21 32 67 19 23 1 27 45 1 25 45 35 8 43 56 37 51 4 67 21 32 13 19 27 36 43 56 51 60 21 4 
3 0 2 2 0 3 3 3 4 4 0 0 1 0 2 2 3 2 0 0 0 3 4 4 1 4 1 1 4 1 5 5 3 1 5 3 3 5 2 3 4 5 0 1 5 1 2 6 2 6 2 3 6 4 2 4 2 5 5 7 7 2 5 7 0 0 2 3 0 3 3 3 0 0 1 4 3 2 2 2 4 4 0 0 3 4 1 4 4 4 5 5 1 1 1 4 1 1 5 2 3 16 1 42 8 35 43 51 3 19 47 27 47 32 25 45 56 67 36 51 60 61 13 37 8 61 12 19 45 32 37 61 11 56 8 19 27 32 8 59 11 45 67 23 56 67 12 8 52 32 32 13 56 43 36 59 56 3 11 8 32 60 27 56 1 4 18 8 12 21 32 67 19 23 1 27 45 21 28 49 35 8 43 56 37 51 4 67 21 32 13 19 27 36 43 56 51 60 21 3 
1 1 2 3 0 3 3 3 3 4 0 0 2 0 2 2 3 2 0 0 0 3 4 4 1 4 1 1 4 1 5 5 2 1 4 3 3 5 2 3 3 5 1 1 5 2 2 5 2 5 2 3 6 4 2 4 2 4 4 6 6 2 5 7 0 0 2 3 0 3 3 3 0 0 1 4 3 2 2 2 4 4 0 0 3 4 0 4 4 4 5 5 1 1 1 4 1 1 5 1 70 49 18 8 8 19 27 35 59 3 47 27 1 32 25 45 69 67 36 51 60 61 13 37 4 61 8 12 45 27 37 61 70 51 69 3 11 21 8 43 67 32 1 67 45 4 12 56 52 69 32 13 8 27 36 43 56 59 67 32 56 60 11 8 1 4 42 21 12 32 45 51 19 23 23 11 56 21 28 49 19 8 43 56 37 35 67 51 21 32 13 3 19 32 36 56 43 56 8 60 
3 1 1 2 0 3 3 3 4 4 0 0 2 0 2 2 3 2 0 0 0 3 4 4 1 4 1 1 4 1 5 5 3 1 4 3 3 4 2 3 4 5 1 1 5 2 2 5 2 5 2 3 5 4 2 4 2 5 5 5 6 2 5 6 0 0 2 2 0 3 3 3 0 0 1 4 3 2 2 2 4 3 0 0 3 4 0 4 3 4 5 5 1 1 1 4 1 1 4 1 3 49 66 42 8 35 43 51 3 19 47 27 1 32 25 45 45 69 36 51 60 61 13 37 4 61 8 12 21 27 37 61 11 51 45 19 27 69 8 59 11 8 1 69 21 4 12 32 52 45 32 13 56 43 36 59 56 3 11 69 8 60 27 32 1 4 18 66 12 8 21 67 19 23 23 27 32 21 28 49 35 56 43 56 37 51 67 67 69 8 13 19 19 32 36 32 43 56 56 60 
3 1 1 1 0 3 3 3 4 4 0 0 2 0 2 2 3 2 0 0 0 3 4 4 1 4 1 1 3 1 5 5 3 1 4 3 3 4 2 3 4 4 0 1 4 2 2 4 2 5 2 3 5 4 2 4 2 5 5 5 5 2 5 5 0 0 1 2 0 2 2 3 0 0 1 4 2 2 2 2 4 3 0 0 3 4 0 4 3 3 5 5 1 1 1 3 1 1 4 1 3 25 49 72 8 35 43 51 3 19 47 27 1 32 25 45 8 69 36 51 60 61 13 37 4 61 8 12 56 27 37 61 11 51 8 19 27 32 8 59 11 45 71 69 56 4 12 69 52 8 32 13 21 43 36 59 56 3 11 32 45 60 27 56 1 4 66 18 12 42 66 67 19 23 1 27 72 21 28 49 35 21 43 56 37 51 67 67 32 45 13 19 19 32 36 69 43 56 21 60 
3 1 1 1 0 3 3 3 4 4 0 0 2 0 2 2 3 2 0 0 0 3 4 4 1 4 1 1 3 1 5 5 3 1 4 3 3 4 2 3 4 4 0 1 4 2 2 4 2 5 2 3 5 4 2 4 2 5 5 5 5 2 5 5 0 0 1 2 0 2 2 3 0 0 1 4 2 2 2 2 4 3 0 0 3 4 0 4 3 3 5 5 1 1 1 3 1 1 4 1 3 25 49 73 8 35 43 51 3 19 47 27 1 32 25 45 8 69 36 51 60 61 13 37 4 61 8 12 56 27 37 61 11 51 8 19 27 32 8 59 11 45 71 69 56 4 12 69 52 8 32 13 21 43 36 59 56 3 11 32 45 60 27 56 1 4 66 18 12 42 66 67 19 23 1 27 73 21 28 49 35 21 43 56 37 51 67 67 32 45 13 19 19 32 36 69 43 56 21 60 
3 0 1 1 0 3 3 3 3 4 0 0 2 0 2 2 3 2 0 0 0 3 4 4 1 4 1 1 3 1 5 5 3 1 4 3 3 4 2 3 4 4 1 2 4 2 2 4 2 5 2 3 5 4 2 4 2 4 4 5 5 2 5 5 0 0 1 1 0 2 2 3 0 0 1 4 2 2 2 2 4 3 0 0 3 4 0 4 3 3 5 5 1 1 1 3 1 1 4 1 3 49 1 49 8 35 43 51 75 11 73 27 4 32 28 49 8 73 36 51 60 61 13 37 3 61 8 12 56 27 37 61 11 51 8 19 27 32 8 59 3 45 69 1 56 21 12 69 69 8 32 13 21 35 36 51 56 67 75 32 45 60 11 56 1 4 25 66 12 18 42 67 19 23 73 19 66 25 45 52 27 21 43 56 37 43 67 59 32 45 13 3 19 32 36 69 43 56 21 60 
3 0 0 1 0 3 3 3 3 4 0 0 2 0 2 2 2 2 0 0 0 3 4 4 1 4 1 1 3 1 5 5 3 1 3 3 3 3 2 3 4 4 1 2 4 2 2 4 2 4 2 3 4 4 2 4 2 4 4 5 5 2 5 5 0 0 1 1 0 1 1 3 0 0 1 4 2 2 2 2 4 2 0 0 3 4 0 4 2 3 5 4 1 1 1 3 1 1 3 1 3 49 76 25 8 35 43 51 75 11 73 27 4 32 28 49 42 73 36 51 60 61 13 37 3 61 8 12 21 27 37 61 11 51 45 19 27 69 8 59 3 8 69 1 21 21 12 32 69 45 32 13 56 35 36 51 56 67 70 8 32 60 3 56 1 4 1 49 12 66 76 67 19 23 73 19 18 25 45 52 27 66 43 56 37 43 67 59 76 8 13 75 19 32 36 32 43 56 56 60 
3 0 0 0 0 3 3 3 3 4 1 0 2 0 2 2 2 2 0 0 0 3 3 4 0 4 1 1 3 1 5 5 3 1 3 3 3 4 2 3 4 4 1 2 4 2 2 4 2 4 2 2 4 4 2 4 2 4 4 5 5 2 5 5 1 0 0 1 0 1 1 3 0 1 1 4 2 2 2 2 4 2 0 0 3 4 0 4 3 3 4 5 1 1 1 3 1 1 3 1 3 1 25 73 8 35 43 51 75 11 69 27 4 32 28 49 42 73 36 51 60 37 61 13 75 37 3 8 32 19 13 37 11 43 56 19 27 8 8 59 3 21 73 1 32 21 12 45 69 56 32 76 69 35 36 51 56 67 75 8 32 60 11 56 49 3 49 1 12 25 66 67 19 52 76 19 18 25 45 52 27 66 43 56 13 43 67 59 8 21 61 3 12 27 32 45 36 56 69 60 
3 0 0 0 0 3 3 3 3 4 1 0 2 0 2 2 1 2 0 0 0 3 3 4 0 4 1 1 2 1 5 5 3 1 3 3 3 3 2 3 3 3 1 2 3 2 2 4 2 4 2 2 4 4 2 4 2 4 4 5 5 2 4 5 1 0 0 0 0 1 1 3 0 1 1 4 1 2 2 2 4 2 0 0 3 4 0 4 2 2 4 4 1 1 1 3 1 1 3 1 3 1 25 73 8 35 43 51 75 3 69 27 4 32 28 49 76 73 36 51 60 37 61 13 75 37 3 8 76 19 13 37 11 43 21 19 27 45 8 59 80 56 73 1 69 21 12 8 69 32 32 78 56 22 36 35 56 46 51 8 32 60 67 56 49 3 49 79 12 1 25 67 19 52 78 11 66 25 45 52 19 18 43 56 13 27 67 43 42 66 61 59 12 27 32 8 36 56 32 60 
3 0 0 0 0 3 3 3 3 3 1 0 1 0 2 2 2 2 0 0 0 2 3 3 0 3 1 1 3 1 4 4 3 1 3 3 3 3 2 3 3 4 1 1 4 1 2 4 2 4 2 2 5 4 2 4 2 4 4 5 5 2 4 5 0 0 0 1 0 1 1 3 0 1 1 4 1 2 2 2 4 2 0 0 2 4 0 4 2 2 4 4 1 1 1 3 1 1 3 2 3 1 25 76 8 35 43 46 67 75 28 27 69 32 4 25 18 49 36 51 60 73 13 37 78 61 3 8 8 19 37 61 11 60 32 19 27 80 12 51 70 8 45 52 32 73 32 56 45 80 36 52 8 19 56 27 60 43 46 32 56 78 59 80 73 3 49 1 12 42 66 59 19 25 49 3 76 1 21 28 11 42 43 56 69 22 67 35 66 76 13 51 12 32 36 21 56 78 56 8 
3 0 0 0 0 3 3 3 3 3 1 0 1 0 2 2 2 2 0 0 0 2 2 2 0 3 0 1 3 1 3 4 3 1 3 3 3 3 2 3 3 4 1 1 4 1 2 4 2 4 2 2 5 4 2 4 2 4 4 5 5 2 4 5 1 0 0 1 0 1 1 3 0 1 1 4 1 1 2 2 4 2 0 0 2 4 0 4 2 3 3 4 1 1 1 3 1 1 3 2 3 1 25 73 8 35 43 51 70 83 28 27 69 32 1 21 18 45 36 51 60 69 73 76 75 13 80 3 21 12 61 13 11 60 45 19 27 80 12 59 75 8 45 52 32 73 32 56 28 80 36 49 8 19 56 27 60 37 39 32 56 80 46 80 21 3 49 1 12 18 42 67 19 25 49 3 66 76 4 25 11 42 43 56 52 22 67 35 66 8 37 43 8 32 36 32 56 80 56 8 
2 0 0 0 0 3 3 3 3 3 1 0 1 0 2 2 1 2 0 0 0 2 2 2 0 3 0 1 2 1 3 4 3 1 3 3 3 3 2 3 3 4 1 1 4 1 2 4 2 4 2 2 5 3 2 4 2 4 4 5 5 2 4 5 1 0 0 0 0 1 1 3 0 1 1 3 1 1 2 2 3 1 0 0 2 3 0 4 2 2 3 4 1 1 1 3 1 1 3 2 67 1 25 73 8 22 27 35 51 67 28 27 69 32 1 21 66 45 36 51 60 69 73 76 75 13 80 3 84 12 61 13 3 60 32 11 19 80 12 43 59 8 45 52 32 73 32 56 28 80 36 49 8 83 56 3 60 19 22 32 56 80 35 80 21 3 49 84 12 1 18 46 19 25 49 70 42 76 4 25 75 84 43 56 52 85 67 11 18 42 37 27 8 32 36 8 56 80 56 8 
3 0 0 0 0 3 3 3 3 3 0 0 1 0 1 1 2 2 0 0 0 2 2 2 0 2 1 1 3 1 2 2 3 1 3 3 3 3 2 3 3 4 1 1 4 1 2 4 1 4 2 2 5 3 2 3 2 3 3 5 5 2 4 5 0 0 0 1 0 1 1 3 0 0 1 3 2 1 1 1 3 2 0 0 2 3 0 3 2 3 2 4 1 1 1 3 1 2 3 2 3 1 25 66 8 27 35 37 46 59 76 27 25 32 49 69 42 1 36 51 60 25 28 45 84 49 8 12 13 36 69 73 11 84 32 15 19 80 32 39 51 8 1 21 32 28 36 56 76 80 56 4 8 67 60 75 80 85 87 32 56 84 11 80 69 3 49 18 12 42 66 43 19 73 4 61 18 45 52 73 63 66 43 56 21 70 80 83 77 8 52 3 32 56 60 21 80 8 56 12 
2 0 0 0 0 3 3 3 3 3 0 0 1 0 1 1 1 2 0 0 0 2 2 2 0 2 1 1 2 1 2 2 3 1 3 3 3 3 2 3 3 4 1 1 4 1 2 4 1 4 2 2 5 3 2 3 2 3 3 5 5 2 3 5 0 0 0 0 0 1 1 3 0 0 1 3 1 1 1 1 3 2 0 0 2 3 0 3 2 2 2 3 1 1 1 3 1 2 3 2 91 1 25 66 8 15 19 22 37 43 76 27 25 32 49 69 90 1 36 51 60 25 28 45 84 49 8 12 77 36 69 73 3 84 32 11 13 80 32 27 39 8 1 21 32 28 36 56 76 80 56 4 8 59 60 63 80 70 75 32 56 84 85 80 69 3 49 90 12 18 42 35 19 73 4 46 66 45 52 73 51 18 43 56 21 61 80 67 42 66 52 83 32 56 60 8 80 8 56 12 
2 0 0 0 0 3 3 3 3 3 0 0 1 0 1 1 2 1 0 0 0 2 2 2 0 2 1 1 2 1 2 2 2 1 3 3 3 3 2 3 3 4 0 1 4 1 2 4 1 4 2 1 5 3 2 3 2 3 3 5 5 2 3 5 0 0 0 1 0 1 1 3 0 0 1 3 2 1 1 1 3 2 0 0 2 3 0 3 2 2 2 3 1 1 1 3 1 2 3 2 91 1 25 66 8 13 15 19 35 39 76 27 21 32 45 52 29 76 36 51 60 4 21 25 84 45 8 12 77 36 69 73 93 84 32 3 11 80 32 22 37 8 91 4 32 25 36 56 73 80 56 91 8 51 60 61 80 67 70 32 56 84 83 80 69 3 49 18 12 42 66 27 19 73 1 43 18 28 49 69 46 42 43 56 1 59 80 63 53 66 49 75 32 56 60 8 80 8 56 12 
0 0 0 0 0 3 3 3 3 3 0 0 1 0 1 1 2 1 0 0 0 2 2 2 0 2 1 1 2 1 2 2 1 1 3 2 2 3 2 3 3 4 0 1 4 1 2 4 1 4 2 1 5 3 2 3 2 3 3 5 5 2 3 5 0 0 0 1 0 1 1 3 0 0 1 3 2 1 1 1 3 2 0 0 2 3 0 3 2 2 2 3 1 1 1 3 1 2 3 2 94 1 25 66 8 3 11 13 22 35 76 27 21 32 45 52 29 76 36 51 60 4 21 25 84 45 8 12 93 36 69 73 94 84 32 67 91 80 32 15 27 8 91 4 32 25 36 56 73 80 56 91 8 43 60 51 80 61 63 32 56 84 70 80 69 3 49 18 12 42 66 19 19 73 1 37 18 28 49 69 39 42 43 56 1 46 80 59 53 77 49 67 32 56 60 8 80 8 56 12 
2 0 0 0 0 3 3 3 3 3 0 0 1 0 1 1 1 1 0 0 0 2 2 2 0 2 1 1 2 1 2 2 2 1 3 2 2 3 2 3 3 4 0 1 4 1 2 4 1 4 2 1 5 3 2 3 2 3 3 5 5 2 3 5 0 0 0 0 0 1 1 3 0 0 1 3 1 1 1 1 3 2 0 0 2 3 0 3 2 2 2 3 1 1 1 3 1 2 3 2 19 1 25 66 8 3 11 13 22 35 76 27 21 32 45 52 90 76 36 51 60 21 25 45 84 49 8 12 77 36 73 93 43 84 32 67 91 80 32 15 27 8 93 4 32 25 36 56 73 80 56 93 8 43 60 51 80 61 63 32 56 84 70 80 69 3 49 90 12 18 42 19 19 73 1 37 66 28 49 69 39 5 43 56 1 46 80 59 29 53 69 67 32 56 60 8 80 8 56 12 
1 0 0 0 0 2 2 2 3 3 0 0 1 0 1 1 1 1 0 0 0 2 2 2 0 2 1 1 2 1 2 2 1 1 3 2 2 3 2 3 3 4 0 1 4 1 2 4 1 4 2 1 5 3 2 3 2 3 3 5 5 2 3 5 0 0 0 0 0 0 1 3 0 0 1 3 1 1 1 1 3 2 0 0 2 3 0 3 2 2 2 3 1 1 1 3 1 2 3 2 91 1 25 66 8 67 91 97 13 19 76 27 21 32 45 52 66 76 36 51 60 21 25 45 84 49 8 12 77 36 73 93 97 84 32 19 43 80 32 3 15 8 93 4 32 25 36 56 73 80 56 93 8 35 60 39 80 46 51 32 56 84 61 80 69 3 49 90 12 97 18 11 19 73 1 22 42 28 49 69 27 5 43 56 1 37 80 43 29 53 69 59 32 56 60 8 80 8 56 12 
1 0 0 0 0 2 2 2 3 3 0 0 1 0 1 1 1 1 0 0 0 2 2 2 0 2 1 1 2 1 2 2 1 1 3 1 2 3 2 3 3 4 0 1 4 1 2 4 1 4 2 2 5 3 2 3 2 3 3 5 5 2 3 5 0 0 0 0 0 1 1 3 0 0 0 3 1 1 1 1 3 2 0 0 2 3 0 3 2 2 2 3 1 1 1 3 1 2 3 2 43 1 25 66 8 43 67 91 13 19 76 27 4 32 45 69 77 97 36 51 60 25 45 49 84 69 8 12 77 36 93 97 67 84 32 91 19 80 32 3 15 8 93 1 32 21 36 56 93 80 56 1 8 35 60 39 80 46 51 32 56 84 61 80 69 3 49 90 12 18 29 11 19 73 97 22 53 25 49 73 27 5 43 56 21 37 80 43 29 53 73 59 32 56 60 8 80 8 56 12 
1 0 0 0 0 1 2 2 2 3 0 0 1 0 1 1 1 1 0 0 0 2 2 2 0 2 1 1 2 1 2 2 1 1 3 1 1 3 2 2 3 4 0 1 4 1 2 4 1 4 2 2 5 3 2 3 2 3 3 5 5 2 3 5 0 0 0 0 0 0 1 2 0 0 0 3 1 1 1 1 3 2 0 0 2 3 0 3 2 2 2 3 1 1 1 3 1 2 3 2 19 1 25 66 8 101 19 43 101 11 76 27 4 32 45 69 77 97 36 51 60 25 45 49 84 69 8 12 77 36 93 97 43 84 32 67 91 80 32 67 3 8 93 1 32 21 36 56 93 80 56 1 8 19 60 27 80 37 39 32 56 84 46 80 69 3 49 90 12 100 29 91 19 73 97 13 53 25 49 73 15 5 43 56 21 22 80 35 29 53 73 43 32 56 60 8 80 8 56 12 
0 0 0 1 0 1 1 2 2 3 0 0 1 0 1 1 2 1 0 0 0 2 2 2 0 2 1 1 2 1 2 2 0 1 3 1 1 3 2 2 3 4 0 0 4 1 2 4 1 4 2 2 5 3 2 3 2 3 3 5 5 2 3 5 0 0 0 1 0 1 1 2 0 0 0 3 1 1 1 1 3 2 0 0 2 3 0 3 2 2 2 3 1 1 1 3 1 2 3 2 67 1 25 5 8 67 91 19 91 11 76 27 1 32 45 69 5 97 36 51 60 25 45 49 84 69 8 12 101 36 93 97 91 84 32 19 43 80 32 43 3 8 93 100 32 21 36 56 93 80 56 1 8 19 60 27 80 37 39 32 56 84 46 80 69 3 49 29 12 53 77 67 19 73 97 13 101 25 49 73 15 29 43 56 21 22 80 35 53 77 73 43 32 56 60 8 80 8 56 12 
0 0 0 1 0 1 1 1 2 2 0 0 1 0 1 1 2 1 0 0 0 2 2 2 0 2 1 1 2 1 2 2 0 1 3 0 0 3 2 1 2 4 0 1 4 1 2 4 1 4 2 2 5 3 2 3 2 3 3 5 5 2 3 5 0 0 0 1 0 1 1 1 0 0 0 2 2 1 1 1 3 2 0 0 2 3 0 3 2 2 2 3 1 1 1 3 1 2 3 2 49 1 25 5 8 19 43 67 19 67 93 27 21 32 49 73 29 102 36 51 60 25 45 49 84 69 8 12 103 36 93 97 67 84 32 91 101 80 32 91 43 8 97 1 32 25 36 56 97 80 56 1 8 11 60 15 80 22 27 32 56 84 37 80 69 3 77 29 12 53 77 101 19 73 102 91 5 45 69 93 3 53 43 56 21 13 80 19 77 101 73 35 32 56 60 8 80 8 56 12 
0 0 0 1 0 0 1 1 1 2 0 0 0 0 1 1 2 1 0 0 0 2 2 2 1 2 1 1 3 1 2 2 0 2 3 0 0 3 2 1 2 4 0 0 4 1 2 4 1 4 2 1 4 2 2 3 2 3 3 5 5 2 3 5 0 0 0 1 0 1 1 1 0 0 0 2 2 1 1 1 2 2 0 0 2 2 1 3 2 2 2 3 1 1 1 3 1 2 3 2 1 29 53 5 8 101 19 43 101 43 49 32 97 36 25 49 29 93 56 80 102 21 25 45 12 49 32 36 8 60 73 93 43 8 56 67 91 104 36 67 19 8 69 93 32 1 56 56 73 80 60 97 104 97 80 3 84 13 15 8 32 102 22 56 25 3 77 29 12 53 77 91 19 45 73 67 5 21 45 69 91 53 60 84 1 101 8 11 77 98 69 19 56 80 84 32 102 12 80 32 
0 0 0 0 0 1 1 1 2 2 0 0 0 0 1 1 1 1 0 0 0 2 2 2 1 2 1 1 2 1 2 2 0 2 2 0 0 3 2 1 2 3 0 0 3 1 2 3 1 4 2 1 4 3 2 3 2 3 3 4 4 2 3 4 0 0 0 1 0 1 1 2 0 0 0 2 1 1 1 1 3 2 0 0 2 3 1 3 2 2 2 3 1 1 1 2 1 2 3 2 1 29 53 101 8 19 43 67 43 91 49 32 97 36 25 49 101 93 56 80 104 21 25 45 12 49 32 36 77 60 73 93 43 8 101 67 91 32 36 91 67 56 69 93 80 1 56 104 73 8 60 97 32 11 80 15 84 22 27 56 80 104 37 104 25 3 77 5 12 29 53 19 19 45 73 97 77 21 45 69 3 5 60 84 1 13 8 19 29 53 69 35 56 80 84 98 104 12 8 32 
0 0 0 0 0 1 1 1 2 2 0 0 0 0 1 1 1 1 0 0 0 1 2 2 1 2 1 1 2 1 2 2 0 2 2 0 0 2 2 1 2 2 0 0 3 0 2 3 1 3 2 1 3 3 2 3 2 3 3 3 4 2 3 4 0 0 0 1 0 1 1 2 0 0 0 2 1 1 1 1 2 2 0 0 1 3 1 3 2 2 2 3 1 1 1 2 1 2 2 2 1 29 53 101 8 19 43 67 43 73 49 32 97 36 21 45 101 73 56 80 104 108 1 21 12 25 32 36 74 60 49 69 43 8 93 67 91 101 36 91 67 109 69 93 8 108 56 32 69 56 60 93 80 3 80 13 84 19 22 104 8 104 35 32 25 3 77 5 12 29 53 19 19 45 73 91 77 1 25 49 97 5 60 84 97 11 8 15 29 53 45 27 56 80 84 77 104 12 98 32 
0 0 0 0 0 1 1 1 2 2 0 0 0 0 1 1 1 1 0 0 1 1 2 2 1 2 1 1 2 1 2 2 0 2 2 0 0 2 2 1 2 2 0 0 2 0 2 3 1 3 2 1 3 3 2 3 2 3 3 3 3 2 3 4 0 0 0 0 0 1 1 2 0 0 0 2 1 0 1 1 2 1 0 0 1 3 1 3 2 2 2 3 1 1 1 2 1 2 2 2 19 5 29 77 12 19 43 67 43 73 25 56 73 60 1 25 77 69 80 104 8 97 1 21 32 25 36 56 53 80 49 109 43 8 74 67 91 93 36 91 67 98 45 69 101 93 56 8 49 32 60 73 56 3 80 13 84 19 22 80 104 104 35 8 1 8 53 101 32 5 29 19 36 21 49 91 53 97 21 45 97 101 84 108 93 11 12 15 5 29 45 27 60 84 104 69 108 12 77 32 
0 0 0 0 0 0 1 1 1 2 0 0 0 0 1 1 1 1 0 0 1 1 2 2 1 2 1 1 2 1 2 2 0 2 2 0 0 2 2 1 2 2 0 0 2 0 2 3 1 3 2 1 3 2 2 2 2 3 3 3 3 2 3 4 0 0 0 0 0 1 1 1 0 0 0 2 1 0 1 1 2 1 0 0 1 2 1 3 2 2 2 3 1 1 1 2 1 2 2 2 19 5 29 77 12 115 19 43 115 43 25 56 73 60 1 25 77 69 80 104 8 97 1 21 32 25 36 56 53 80 49 109 43 8 74 67 91 93 36 67 19 98 45 69 101 93 56 8 49 32 60 73 56 91 80 115 84 11 13 80 104 104 19 8 1 8 53 101 32 5 29 91 36 21 49 67 53 97 21 45 73 101 84 108 93 97 12 3 5 29 45 15 60 84 104 69 108 12 77 32 
0 0 0 0 0 0 1 1 1 2 0 0 0 0 1 1 1 1 0 0 1 1 2 2 1 2 1 1 2 1 2 2 0 2 2 0 0 2 2 1 2 2 0 0 2 0 2 2 1 2 2 1 2 2 2 2 2 3 3 3 3 2 3 3 0 0 0 0 0 0 1 1 0 0 0 2 1 0 1 1 2 1 0 0 1 2 1 3 1 1 2 3 1 1 1 2 1 2 2 2 19 5 29 77 12 115 19 43 115 43 25 56 73 60 1 25 53 69 80 104 8 97 1 21 32 25 36 56 5 80 49 109 43 8 53 67 91 74 36 67 19 77 45 69 93 93 56 98 49 101 60 73 117 91 80 115 84 11 13 8 32 104 19 56 1 8 53 101 32 117 5 91 36 21 49 67 29 97 21 45 73 77 84 108 93 97 12 3 101 117 45 15 60 84 104 29 108 12 69 32 
0 0 0 0 0 0 1 1 1 2 0 0 0 0 0 1 1 1 0 0 1 1 1 1 1 1 1 1 2 1 2 2 0 2 2 0 0 2 2 1 2 2 0 0 2 0 2 2 1 2 2 1 2 2 2 2 2 2 2 2 2 2 2 2 0 0 0 0 0 0 1 1 0 0 0 2 1 0 0 1 2 1 0 0 1 2 1 2 1 1 1 2 1 1 1 2 1 2 2 2 19 5 29 77 12 115 19 43 115 25 25 56 73 60 117 1 53 45 80 104 8 73 93 97 32 117 36 56 5 80 1 109 43 8 26 67 91 45 36 67 19 50 45 69 53 93 56 69 25 74 60 49 77 67 80 91 84 101 102 93 98 104 123 117 1 8 53 101 32 125 5 91 36 21 49 43 29 97 121 21 49 77 84 108 69 73 12 97 101 125 121 115 60 84 104 21 108 12 29 32 
0 0 0 0 0 0 0 1 1 2 0 0 0 0 0 0 1 1 0 0 1 1 1 1 1 1 1 1 2 1 1 2 0 2 2 0 0 2 2 1 1 2 0 0 2 0 2 2 1 2 2 1 2 2 2 2 2 2 2 2 2 2 2 2 0 0 0 0 0 1 1 1 0 0 0 2 1 0 0 1 2 1 0 0 1 2 1 2 1 1 1 2 1 1 1 2 1 2 2 2 19 5 29 77 12 115 125 19 91 1 25 56 73 60 117 126 77 25 80 104 8 69 73 93 32 97 36 56 2 80 121 109 43 8 21 67 91 29 36 43 115 45 45 69 50 93 56 53 21 69 60 45 74 43 80 67 84 99 115 77 93 104 128 117 1 8 53 101 32 5 29 67 36 21 49 19 53 97 121 1 25 101 84 108 49 49 12 91 125 127 117 123 60 84 104 5 108 12 26 32 
0 0 0 0 0 0 0 1 1 1 0 0 0 0 0 1 1 1 0 0 0 1 1 1 1 2 1 1 2 1 2 2 0 1 2 0 0 2 2 1 1 2 0 0 2 0 2 2 1 2 2 1 2 2 2 2 2 2 2 2 2 2 2 2 0 0 0 0 0 1 1 1 0 0 0 1 1 0 0 1 2 1 0 0 1 2 1 2 1 1 2 2 1 1 1 2 1 1 2 2 19 5 29 77 12 115 125 19 91 121 25 56 73 60 117 1 77 45 80 104 126 73 93 97 12 61 32 36 2 60 109 127 43 108 21 67 91 29 12 43 115 45 45 69 50 93 32 53 25 69 36 49 74 19 56 43 80 91 99 77 93 104 123 117 1 8 53 101 32 5 29 67 36 21 49 125 53 97 121 21 1 101 84 108 69 25 8 67 117 122 85 115 56 80 84 5 104 126 26 8 
0 0 0 0 0 0 1 1 1 2 0 0 0 0 0 1 1 1 0 0 0 1 1 1 1 2 1 1 1 1 2 2 0 1 2 0 0 2 2 1 1 2 0 0 2 0 2 2 1 2 2 1 2 2 2 2 2 2 2 2 2 2 2 2 0 0 0 0 0 0 1 1 0 0 0 2 1 0 0 1 2 1 0 0 1 2 1 2 1 1 2 2 1 1 1 1 1 1 2 2 19 5 29 77 12 115 19 43 115 1 25 56 73 60 117 1 53 45 80 104 128 73 93 97 12 37 32 36 122 60 85 109 43 108 2 67 91 21 12 67 121 26 45 69 29 93 32 45 25 50 56 49 53 43 80 67 104 91 99 69 93 128 123 117 1 8 53 101 32 125 5 91 36 21 49 19 29 97 121 21 25 77 84 108 69 49 8 75 101 117 61 115 56 80 84 125 104 128 5 8 
0 0 0 0 0 0 1 1 1 2 0 0 0 0 0 1 1 1 0 0 0 1 1 1 1 2 1 1 1 1 2 2 0 1 1 0 0 2 2 1 1 2 0 0 2 0 2 2 1 2 2 1 2 2 2 2 2 2 2 2 2 2 2 2 0 0 0 0 0 0 0 1 0 0 0 2 1 0 0 1 2 1 0 0 1 2 1 2 1 1 2 2 1 1 1 1 1 1 1 2 19 5 29 77 12 115 19 43 115 1 25 56 73 60 117 1 29 45 80 104 128 73 93 97 12 37 32 36 117 60 85 109 43 108 125 67 91 2 12 67 121 5 45 69 21 93 32 26 25 29 56 49 45 51 80 75 104 99 115 69 93 128 133 117 1 8 53 101 32 125 132 91 36 21 49 19 5 97 121 21 43 53 84 108 69 67 8 91 77 101 61 123 56 80 84 122 104 128 132 8 
0 0 0 0 0 0 1 1 1 1 0 0 0 0 0 0 1 1 0 0 0 1 1 1 1 2 1 1 1 1 2 2 0 1 1 0 0 2 2 1 1 2 0 0 2 0 2 2 1 2 2 1 2 2 2 2 2 2 2 2 2 2 2 2 0 0 0 0 0 0 1 1 0 0 0 2 1 0 0 1 2 1 0 0 1 2 1 2 1 1 2 2 1 1 1 1 1 1 1 2 19 5 29 77 12 115 19 43 97 121 25 56 73 60 117 132 53 25 80 104 128 69 73 93 12 37 32 36 117 60 85 109 43 108 125 67 91 2 12 67 115 5 45 69 21 93 32 26 21 45 56 45 69 43 80 67 104 91 99 93 117 128 123 133 1 8 53 101 32 125 5 91 36 21 49 1 29 97 121 1 19 77 84 108 49 51 8 75 98 101 61 115 56 80 84 122 104 128 133 8 
0 0 0 0 0 0 1 1 1 1 0 0 0 0 0 1 1 1 0 0 0 1 2 2 1 2 1 1 1 1 2 2 0 1 1 0 0 1 2 1 1 2 0 0 2 0 2 2 1 2 2 1 2 2 2 2 2 2 2 2 2 2 2 2 0 0 0 0 0 0 1 1 0 0 0 1 1 0 0 1 2 1 0 0 1 2 0 2 1 1 2 2 1 1 1 1 1 1 1 1 19 5 29 77 12 115 19 43 91 115 25 56 73 60 117 1 53 45 80 104 128 133 13 37 8 61 12 32 98 56 109 133 43 104 117 67 91 125 8 67 97 2 45 69 5 93 32 21 25 26 56 49 45 43 80 67 104 91 99 69 93 128 123 117 1 8 53 101 32 125 5 73 36 21 49 121 29 97 121 21 19 74 84 108 69 51 132 75 77 93 85 115 36 60 80 101 84 108 122 128 
0 0 0 0 0 0 0 1 1 1 0 0 0 0 0 1 1 1 0 0 0 1 2 2 1 2 1 1 1 1 2 2 0 1 1 0 0 1 2 1 1 2 0 0 2 0 2 2 1 2 2 1 2 2 2 2 2 2 2 2 2 2 2 2 0 0 0 0 0 0 1 1 0 0 0 2 1 0 0 1 2 1 0 0 1 2 0 2 1 1 2 2 1 1 1 1 1 1 1 1 19 5 29 77 12 115 139 19 91 139 25 56 73 60 117 1 53 45 80 104 128 133 13 37 8 61 12 32 98 56 109 133 43 104 117 67 91 125 8 43 115 2 45 69 5 93 32 21 25 26 56 49 45 51 80 75 104 99 115 69 93 128 139 117 1 8 53 101 32 125 5 67 36 21 49 19 29 97 121 21 43 74 84 108 69 67 132 91 77 93 85 123 36 60 80 101 84 108 122 128 
0 0 0 0 0 0 0 1 1 1 0 0 0 0 0 1 1 1 0 0 0 1 2 2 1 2 1 1 1 1 2 2 0 1 1 0 0 1 2 1 1 1 0 0 1 0 2 2 1 2 2 1 2 2 2 2 2 2 2 2 2 2 2 2 0 0 0 0 0 0 0 1 0 0 0 2 1 0 0 1 2 1 0 0 1 2 0 2 1 1 2 2 1 1 1 1 1 1 1 1 19 5 29 77 12 115 139 19 91 139 25 56 73 60 117 1 29 45 80 104 128 133 13 37 8 61 12 32 93 56 109 133 43 104 101 67 91 122 8 43 115 125 45 69 141 93 32 21 25 45 56 49 69 27 80 51 104 75 91 93 117 128 115 141 1 8 53 101 32 125 141 67 36 21 49 3 5 97 121 21 19 53 84 108 69 43 132 67 74 77 85 99 36 60 80 98 84 108 117 128 
0 0 0 0 0 0 0 1 1 1 0 0 0 0 0 0 1 1 0 0 0 1 2 2 1 2 1 1 1 1 2 2 0 1 1 0 0 1 2 1 1 1 0 0 1 0 2 2 0 2 2 1 2 1 2 2 2 2 2 2 2 2 2 2 0 0 0 0 0 0 1 1 0 0 0 1 1 0 0 0 1 1 0 0 1 2 0 2 1 1 2 2 1 1 1 1 1 1 1 1 19 5 29 77 12 115 139 19 91 123 25 56 73 60 117 141 45 1 80 104 128 133 13 37 8 61 12 32 74 56 109 133 43 104 93 67 91 101 8 43 115 117 45 69 141 93 32 21 150 45 56 21 69 152 80 19 104 43 51 93 117 128 75 141 1 8 53 101 32 125 5 67 36 21 49 139 29 97 121 145 147 50 84 108 25 3 132 27 53 69 85 67 36 60 80 77 84 108 98 128 
0 0 0 0 0 0 0 1 1 1 0 0 0 0 0 0 1 1 0 0 0 2 2 2 0 2 1 1 1 1 2 2 0 1 1 0 0 1 2 1 1 1 0 0 1 0 2 2 1 2 2 1 2 1 2 2 2 2 2 2 2 2 2 2 0 0 0 0 0 0 1 1 0 0 0 1 1 0 0 0 1 1 0 0 1 2 0 2 1 1 2 2 1 1 1 1 1 1 1 1 19 5 29 77 12 115 139 19 91 115 25 56 73 60 117 141 26 109 80 104 128 13 37 61 150 85 8 12 53 36 133 151 43 84 74 67 91 93 8 43 99 117 45 69 141 93 32 21 1 45 56 133 69 147 80 19 104 43 51 93 117 128 75 141 1 8 53 101 32 125 5 67 36 21 49 123 21 97 121 145 139 29 84 108 151 3 132 27 45 50 109 67 32 56 60 69 80 104 77 128 
0 0 0 0 0 0 0 1 1 1 0 0 0 0 0 0 1 1 0 0 0 1 2 2 0 2 1 1 1 1 2 2 0 1 1 0 0 1 2 1 1 1 0 0 1 0 2 2 1 2 2 1 2 1 2 2 2 2 2 2 2 2 2 2 0 0 0 0 0 0 0 1 0 0 0 1 1 0 0 0 1 1 0 0 1 2 0 2 1 1 2 2 1 1 1 1 1 1 1 2 19 5 29 77 12 115 139 19 91 115 25 56 73 60 117 141 21 61 80 104 128 133 13 37 152 61 8 12 50 36 109 133 43 128 69 67 91 93 32 43 99 117 45 69 141 93 56 21 1 45 80 85 69 147 104 19 128 43 51 93 117 152 75 141 1 8 53 101 32 125 149 67 36 21 49 123 5 97 121 145 139 26 84 108 109 3 132 27 29 45 85 67 32 56 80 53 104 152 74 8 
0 0 0 0 0 0 0 1 1 1 0 0 0 0 0 0 1 1 0 0 0 1 2 2 0 2 1 1 1 1 2 2 0 1 1 0 0 1 2 1 1 1 0 0 2 0 2 2 0 2 2 1 2 1 2 1 2 2 2 2 2 2 2 2 0 0 0 0 0 0 0 1 0 0 0 1 1 0 0 0 1 1 0 0 1 1 0 2 1 1 2 2 1 1 1 1 1 1 1 2 19 5 29 77 12 115 139 19 67 91 25 56 73 60 117 141 5 61 80 104 128 133 13 37 152 61 8 12 45 36 109 133 43 128 93 67 91 141 32 43 75 157 45 69 21 93 56 45 156 69 80 85 93 123 104 147 128 19 27 117 141 152 51 157 1 8 53 101 32 125 149 51 36 21 49 99 2 97 121 145 115 21 84 108 109 139 132 3 26 29 85 43 32 56 80 69 104 152 117 8 
0 0 0 0 0 0 0 1 1 1 0 0 0 0 0 1 0 1 0 0 0 2 2 2 0 2 0 1 1 1 2 2 0 1 1 0 0 1 2 1 1 1 0 0 1 0 2 2 1 2 2 1 2 1 2 1 2 2 2 2 2 2 2 2 0 0 0 0 0 0 0 1 0 0 0 1 0 0 0 1 1 1 0 0 1 1 0 2 1 1 2 2 1 1 1 1 1 1 1 2 19 5 29 77 12 115 139 19 67 91 25 56 73 60 117 37 149 109 80 104 128 13 37 61 152 85 156 8 26 32 133 157 43 128 45 67 91 93 32 43 75 117 45 69 141 93 56 21 85 45 80 133 69 123 104 147 128 19 27 93 117 152 51 141 1 8 53 101 32 125 141 51 36 21 49 99 146 97 121 61 115 2 84 108 157 139 132 3 5 21 109 43 12 56 80 29 104 152 69 8 
0 0 0 0 0 0 0 0 1 1 0 0 0 0 0 1 0 1 0 0 0 2 2 2 0 2 0 1 1 1 2 2 0 1 1 0 0 1 2 1 1 1 0 0 2 0 2 2 1 2 2 1 2 1 2 1 2 1 1 2 2 2 2 2 0 0 0 0 0 0 0 1 0 0 0 1 0 0 0 1 1 0 0 0 1 1 0 1 1 1 2 2 1 1 1 1 1 1 1 2 19 5 29 77 12 115 139 163 43 67 25 56 73 60 117 37 149 109 80 104 128 13 37 61 152 85 156 8 45 32 133 157 43 128 93 67 91 141 32 19 51 165 45 69 21 93 56 45 85 69 80 133 93 99 104 123 128 147 163 117 141 152 19 165 1 8 53 101 32 125 141 27 36 21 49 75 146 97 121 61 91 165 84 108 157 115 132 139 2 21 109 3 12 56 80 69 104 152 117 8 
0 0 0 0 0 0 0 0 1 1 0 0 0 0 1 1 0 1 0 0 0 2 2 2 0 2 0 0 1 1 2 2 0 1 1 0 0 1 2 0 1 1 0 0 2 0 2 2 1 2 2 1 2 1 2 1 2 1 1 2 2 2 1 2 0 0 0 0 0 0 0 0 0 0 0 1 0 1 1 1 1 0 0 0 2 1 0 1 0 1 2 1 1 1 1 1 1 1 1 2 19 5 29 77 12 115 139 147 3 27 25 56 73 60 37 85 125 157 80 104 128 37 61 85 152 109 156 174 45 32 157 175 43 128 93 67 91 141 32 163 19 165 45 69 21 93 56 45 133 69 80 175 93 67 104 91 128 115 123 117 141 152 147 165 1 8 53 98 32 101 117 171 36 21 49 43 122 13 61 109 51 141 84 108 13 75 132 99 165 21 133 139 8 56 80 69 104 152 117 8 
0 0 0 0 0 0 0 0 1 1 0 0 0 0 0 1 0 1 0 0 0 2 2 2 0 2 1 1 1 1 2 2 0 1 1 0 0 1 2 0 1 1 0 0 2 0 2 2 1 2 2 1 2 1 2 1 2 1 1 2 2 2 1 2 0 0 0 0 0 0 0 0 0 0 0 1 0 0 1 1 1 0 0 0 1 1 0 1 0 1 2 1 1 1 1 1 1 2 1 2 19 5 29 77 12 115 139 147 3 27 25 56 73 60 157 37 125 109 80 104 128 13 37 61 176 85 8 32 45 80 133 157 43 176 93 67 91 141 56 163 19 165 45 69 21 93 80 45 85 69 104 133 93 67 128 91 152 115 123 117 141 176 147 165 1 8 53 98 32 101 117 171 36 21 49 43 122 133 13 61 51 141 84 108 157 75 152 99 165 21 109 139 56 104 128 69 152 8 117 32 
0 0 0 0 0 0 0 0 0 1 0 0 0 0 0 1 0 1 0 0 0 2 2 2 0 2 1 1 1 1 2 2 0 1 1 0 0 1 2 0 1 2 0 0 2 0 2 2 1 2 2 1 2 1 2 1 2 1 1 2 2 2 1 2 0 0 0 0 0 0 0 0 0 0 0 1 0 0 1 1 1 1 0 0 1 1 0 1 1 1 2 1 1 1 1 1 1 2 1 2 19 5 29 77 12 115 123 139 171 19 25 56 73 60 157 37 181 109 80 104 128 13 37 61 176 85 8 32 93 80 133 157 43 176 141 67 91 181 56 147 3 21 45 69 45 93 80 69 85 93 104 133 117 51 128 75 152 99 115 141 165 176 139 181 1 8 53 98 32 117 141 163 36 21 49 27 165 133 13 61 43 21 84 108 157 67 152 91 45 69 109 123 56 104 128 117 152 8 165 32 
0 0 0 0 0 0 0 0 0 1 0 0 0 0 1 1 0 1 0 0 0 2 2 2 0 2 1 1 1 1 2 2 0 1 1 0 0 1 2 0 1 1 0 0 2 0 2 2 1 2 2 1 2 1 2 1 2 1 1 2 2 2 1 2 0 0 0 0 0 0 0 0 0 0 0 1 0 1 1 1 1 0 0 0 2 1 0 1 0 1 2 1 1 1 1 1 1 2 1 2 19 5 29 69 12 115 123 139 171 19 25 56 157 60 37 85 117 157 80 104 128 37 61 85 176 109 8 32 45 80 157 181 43 176 93 67 91 141 56 147 3 165 45 133 21 181 80 45 133 69 104 181 93 51 128 75 152 99 115 117 141 176 139 165 1 8 53 74 32 77 93 163 36 21 49 27 98 13 61 109 43 141 84 108 13 67 152 91 165 21 133 123 56 104 128 69 152 8 117 32 
0 0 0 0 0 0 0 0 0 0 0 0 0 0 1 1 0 1 0 0 0 2 2 2 0 2 1 1 1 1 2 2 0 1 1 0 0 1 2 0 0 2 0 0 2 0 2 2 1 2 2 1 2 1 2 1 2 1 1 2 2 2 1 2 0 0 0 0 0 0 0 0 0 0 0 0 0 1 1 1 1 1 0 0 2 1 0 1 1 1 2 1 1 1 1 1 1 2 1 2 19 5 29 69 12 91 99 115 147 171 25 56 157 60 37 85 189 157 80 104 128 37 61 85 176 109 8 32 93 80 157 181 43 176 141 67 75 189 56 123 163 21 45 133 45 181 80 69 133 93 104 181 117 19 128 43 152 67 75 141 165 176 99 189 1 8 53 93 32 117 141 139 36 21 49 187 165 13 61 109 3 21 84 108 13 27 152 51 45 69 133 91 56 104 128 117 152 8 165 32 
0 0 0 0 0 0 0 0 0 0 0 0 1 0 1 1 0 1 0 0 0 2 2 2 0 2 1 1 1 1 2 2 0 1 1 0 0 1 2 0 0 2 0 0 2 1 2 2 1 2 2 2 2 0 2 1 2 1 1 2 2 2 1 2 0 0 0 0 0 0 0 0 0 0 0 0 0 1 1 1 0 1 0 0 2 1 0 1 1 1 2 1 1 1 1 1 1 2 1 2 19 5 26 69 12 75 91 99 139 163 133 56 13 60 85 133 189 199 80 104 128 61 85 109 176 133 8 32 93 80 181 199 43 176 141 51 67 189 56 115 147 21 157 199 45 37 80 69 181 93 104 13 117 195 128 19 152 43 51 141 165 176 75 189 1 8 45 93 32 117 141 123 36 21 181 171 165 61 109 157 187 21 84 108 37 3 152 27 45 69 157 67 56 104 128 117 152 8 165 32 
0 0 0 0 0 0 0 0 0 0 0 0 0 0 1 1 0 1 0 0 0 2 2 2 1 2 1 1 1 1 2 2 0 2 1 0 0 1 2 0 0 2 0 0 2 0 2 2 1 2 2 1 2 0 2 1 2 1 1 2 2 2 1 2 0 0 0 0 0 0 0 0 0 0 0 0 0 1 1 1 0 1 0 0 2 1 1 1 1 1 2 1 1 1 1 1 1 2 1 2 19 5 26 69 12 75 91 99 139 163 61 56 157 80 37 85 189 157 104 152 200 37 61 85 32 109 56 80 93 128 157 181 43 8 141 51 67 189 80 115 147 21 85 133 45 181 104 69 133 93 128 181 117 195 152 19 176 43 51 141 165 200 75 189 1 8 45 93 32 117 141 123 36 21 109 171 165 13 61 109 187 21 128 176 13 3 8 27 45 69 133 67 104 152 176 117 200 32 165 56 
0 0 0 0 0 0 0 0 0 0 0 0 0 0 1 1 1 1 0 0 0 2 2 2 1 2 1 1 1 1 2 2 0 2 1 0 0 1 2 0 0 2 0 0 2 0 2 2 1 2 2 1 2 0 2 1 2 1 1 2 2 2 1 2 0 0 0 0 0 0 0 0 0 0 0 0 0 1 1 1 0 1 0 0 2 0 1 1 1 1 2 1 1 1 1 1 1 2 1 2 19 45 69 117 12 67 75 91 123 147 61 56 157 80 37 85 21 157 104 152 200 37 61 85 32 109 56 80 117 128 157 181 27 8 165 43 51 205 80 99 139 21 85 133 45 181 104 69 133 93 128 181 117 187 152 3 176 27 43 141 165 200 67 189 1 8 93 141 32 165 189 115 36 21 109 163 205 13 61 109 171 45 128 176 13 195 8 19 69 93 133 51 104 152 176 141 200 32 189 56 
0 0 0 0 0 0 0 0 0 0 0 0 0 0 1 1 1 1 0 0 0 2 2 2 1 2 1 1 1 1 2 2 0 2 1 0 0 2 2 0 0 2 0 0 2 1 2 2 1 2 2 1 2 0 2 0 2 1 1 2 2 2 1 2 0 0 0 0 0 0 0 0 0 0 0 0 0 1 1 1 0 1 0 0 2 0 1 1 1 1 2 1 1 1 1 1 1 2 1 2 3 21 45 93 12 51 67 75 115 139 109 56 205 80 61 109 21 181 104 152 200 37 61 85 32 109 56 80 117 128 157 181 19 8 165 27 43 21 80 91 123 45 133 181 69 13 104 93 157 117 128 205 141 171 152 195 176 19 27 165 189 200 51 205 61 8 69 117 32 141 165 99 36 85 157 147 189 37 85 133 163 45 128 176 13 187 8 3 69 93 133 43 104 152 176 141 200 32 189 56 
0 0 0 0 0 0 0 0 0 0 0 0 0 0 1 1 0 1 0 0 0 2 2 2 1 2 1 1 1 1 2 2 0 2 1 0 0 1 2 0 0 1 0 0 1 1 2 1 1 2 2 1 2 0 2 0 2 0 1 2 2 2 1 2 0 0 0 0 0 0 0 0 0 0 0 0 0 1 1 1 0 0 0 0 2 0 1 0 1 1 2 1 1 1 1 1 1 2 1 2 3 21 45 93 12 51 67 75 115 139 109 56 205 80 61 109 213 181 104 152 200 37 61 85 32 109 56 80 69 128 157 181 19 8 117 27 43 165 80 91 123 189 133 181 213 13 104 224 157 21 128 205 45 171 152 195 176 219 3 69 93 200 27 224 61 8 69 117 32 141 165 99 36 85 157 147 189 37 85 133 163 224 128 176 13 187 8 211 21 45 133 19 104 152 176 93 200 32 141 56 
0 0 0 0 0 0 0 0 0 0 0 0 0 0 0 1 0 1 0 0 1 1 1 1 1 2 1 1 1 1 2 2 0 2 1 0 0 1 2 0 0 1 0 0 1 0 2 1 1 1 2 1 1 0 2 0 2 0 0 2 2 2 1 2 0 0 0 0 0 0 0 0 0 0 0 0 0 0 1 1 0 0 0 0 1 0 1 0 0 1 2 0 1 1 1 1 1 2 1 2 3 21 45 93 32 51 67 75 115 139 61 104 157 128 229 37 213 109 152 200 8 181 205 229 56 13 80 104 45 152 61 85 19 8 93 27 43 141 80 91 123 165 85 133 189 181 104 213 85 237 128 133 248 171 152 195 176 219 235 21 224 200 3 248 13 8 69 117 56 141 165 99 80 37 109 147 189 205 13 61 163 237 176 224 157 187 32 211 248 21 37 243 128 176 200 69 224 32 117 56 
0 0 0 0 0 0 0 0 0 0 0 0 0 0 0 1 0 1 0 0 0 1 1 1 1 1 1 1 1 1 2 2 0 1 1 0 0 1 2 0 0 1 0 0 1 0 2 1 1 2 2 1 2 0 2 0 2 0 0 2 2 2 0 2 0 0 0 0 0 0 0 0 0 0 0 0 0 0 0 1 0 0 0 0 1 0 1 0 0 0 1 0 1 1 1 1 1 1 1 2 3 21 45 93 32 51 67 75 115 139 61 104 157 128 229 13 213 85 152 200 248 157 181 205 32 229 56 80 21 128 13 37 19 224 69 27 43 117 32 91 123 141 85 133 165 181 56 272 61 176 80 109 200 171 104 195 128 219 235 224 248 152 259 272 13 8 69 117 56 141 165 99 80 37 109 147 189 205 253 37 163 237 176 224 133 187 8 211 261 272 253 243 104 152 176 45 200 248 93 8 
0 0 0 0 0 0 0 0 0 0 0 0 0 0 0 0 0 1 0 0 0 1 1 1 1 1 1 1 0 1 1 1 0 1 1 0 0 1 1 0 0 2 0 0 2 0 2 2 1 2 2 1 2 0 2 0 2 0 0 2 2 2 0 2 0 0 0 0 0 0 0 0 0 0 0 0 0 0 0 1 0 0 0 0 1 0 0 0 0 0 1 0 1 1 1 1 1 1 1 1 3 21 45 93 32 51 67 75 115 139 61 104 157 128 229 277 213 61 152 200 248 133 157 181 8 205 32 56 296 104 253 277 19 200 45 27 43 296 272 91 123 128 85 133 152 181 8 176 37 200 32 85 224 171 56 195 80 219 235 248 272 104 259 296 13 8 69 117 56 141 165 99 80 37 109 147 189 205 253 13 163 237 176 224 109 187 272 211 261 285 229 243 80 128 152 21 176 224 69 248 
