0 0 1 0 3 4 5 6 6 6 6 3 0 4 1 7 1 1 2 5 2 2 5 5 6 6 7 7 7 4 4 5 0 3 4 2 3 4 0 5 1 2 6 3 3 7 7 4 1 4 5 5 2 3 6 7 6 7 3 7 17 0 0 5 0 0 9 9 13 7 8 5 13 5 1 13 5 13 1 2 5 13 7 17 16 5 2 12 16 1 13 13 1 9 9 0 12 12 9 12 17 17 12 7 17 9 5 7 9 17 0 5 9 1 2 6 0 0 13 18 
3 0 1 0 3 3 3 4 4 4 4 5 0 6 1 7 1 1 2 2 2 2 7 7 5 7 5 5 7 4 4 5 0 0 1 2 3 3 0 4 4 5 4 5 6 6 5 6 1 6 6 6 2 3 3 5 7 7 3 5 5 0 0 5 0 8 9 9 17 7 8 5 13 3 1 13 5 13 1 17 5 13 1 3 2 11 9 12 18 1 13 13 1 17 17 0 7 12 9 0 5 0 12 18 1 13 7 8 9 11 16 18 9 1 17 8 8 16 13 17 
3 0 1 0 2 3 3 4 4 4 5 4 0 5 0 7 1 1 1 3 1 2 6 6 5 7 5 7 7 3 4 5 0 2 3 2 3 3 0 4 3 4 6 5 5 6 7 5 1 6 6 6 2 2 4 7 6 7 2 7 0 0 0 5 8 12 18 9 18 17 17 5 13 8 17 13 1 9 13 9 17 9 11 16 2 1 18 16 18 13 13 13 1 5 2 0 7 17 9 12 5 0 20 0 5 13 9 11 5 1 3 8 1 13 2 11 18 3 17 20 
3 0 0 0 1 1 3 4 4 2 3 4 0 5 1 7 1 1 2 2 2 2 6 6 5 7 5 6 7 4 4 5 0 0 1 0 1 2 0 2 3 4 3 5 5 6 4 5 1 5 6 6 2 3 3 4 6 7 3 7 0 0 8 9 0 17 2 2 9 17 12 5 18 8 1 13 9 18 1 5 9 18 8 18 2 1 19 11 20 13 18 13 1 5 5 17 8 0 13 8 5 0 17 0 5 13 12 11 13 17 1 3 13 13 9 17 20 18 18 9 
0 0 0 0 1 2 3 5 5 4 5 3 0 3 1 7 1 1 2 2 2 2 5 5 6 6 6 6 7 4 4 5 0 0 1 1 2 3 0 4 1 2 5 3 3 7 5 4 1 4 4 5 2 3 4 6 6 7 3 7 17 0 8 9 8 8 2 2 20 6 1 0 19 17 1 20 9 19 1 5 9 19 11 18 13 18 20 9 18 13 19 13 1 5 5 0 0 6 13 1 17 17 6 8 11 13 17 8 13 11 17 8 13 13 2 4 1 1 19 9 
0 0 0 0 1 1 3 5 5 2 3 3 0 3 1 7 1 1 2 2 2 2 5 5 6 6 6 6 7 4 4 5 0 0 1 0 1 2 0 2 1 2 3 3 3 7 4 4 1 4 4 5 2 3 4 4 6 7 3 7 17 0 8 9 0 23 2 2 20 23 6 0 19 17 1 20 9 19 1 5 9 19 11 18 13 18 20 9 18 13 19 13 1 5 5 23 8 0 13 8 17 17 23 8 11 13 1 8 13 11 17 8 13 13 2 6 1 1 19 9 
0 0 0 0 1 2 3 5 5 3 4 1 0 3 1 7 1 1 2 2 2 2 4 5 6 5 6 7 6 4 4 5 0 0 1 1 2 3 0 3 0 1 4 2 2 7 4 3 1 3 4 4 2 3 4 6 5 6 3 7 17 0 8 9 8 8 2 2 20 23 1 23 19 8 1 20 9 19 1 5 9 19 17 8 13 18 20 2 18 13 19 13 1 5 5 0 0 1 13 6 23 17 6 17 23 13 23 11 13 17 8 11 13 13 2 9 11 1 19 9 
0 0 0 0 1 2 1 2 3 3 3 3 0 4 1 6 1 1 2 1 2 2 5 6 4 7 5 7 7 4 4 5 0 0 0 1 2 3 0 3 1 2 4 3 3 5 4 4 1 4 5 5 2 3 2 6 6 7 3 7 17 0 8 9 8 8 23 23 2 23 25 8 19 8 1 13 9 19 1 5 9 19 18 1 2 13 2 2 21 13 19 13 1 5 23 0 0 1 13 6 17 17 1 11 17 20 6 11 13 17 8 11 13 13 5 9 21 15 19 9 
0 0 0 0 1 2 3 4 4 5 6 3 0 3 0 6 1 1 1 2 1 2 5 5 5 7 5 7 7 2 3 3 0 0 1 1 2 4 0 5 1 2 6 3 3 5 6 4 1 4 4 4 2 2 4 7 6 7 2 7 17 0 8 9 8 8 2 13 20 11 2 8 19 25 23 13 1 13 19 5 23 9 18 25 2 13 13 9 21 23 13 19 1 5 5 0 0 16 13 9 17 17 9 11 17 20 26 8 9 11 18 25 1 13 2 2 21 15 19 26 
0 0 0 0 1 1 3 4 4 5 6 3 0 3 0 6 1 1 1 2 1 2 5 5 5 7 5 7 7 2 3 3 0 0 1 0 1 2 0 2 1 2 6 3 3 5 6 4 1 4 4 4 2 2 4 7 6 7 2 7 17 0 8 9 0 27 2 13 20 9 2 8 19 25 23 13 1 13 19 5 23 9 18 25 2 13 13 9 21 23 13 19 1 5 5 27 8 0 13 27 17 17 9 11 17 20 26 8 9 11 18 25 1 13 2 2 21 15 19 26 
0 0 0 0 1 2 3 4 4 5 6 1 0 3 0 5 1 1 1 2 1 2 6 6 4 7 4 7 7 2 3 3 0 0 1 1 2 3 0 4 0 1 6 2 2 5 6 4 1 5 5 5 2 2 3 7 6 7 2 7 17 0 8 9 8 8 2 2 13 9 2 23 19 8 25 20 1 13 19 5 25 9 13 15 20 13 26 9 21 25 13 19 1 5 5 0 0 11 13 9 23 17 9 17 23 13 26 18 9 1 18 25 1 13 26 2 21 15 19 26 
0 0 0 0 1 4 3 4 4 6 6 1 0 2 0 5 1 1 1 2 1 2 5 5 4 6 4 7 7 2 3 3 0 0 1 1 3 5 0 6 0 0 7 1 1 5 7 2 1 2 4 5 2 2 3 7 6 6 2 7 17 0 8 9 8 9 2 2 13 9 26 17 19 17 25 20 1 13 19 5 25 9 18 25 20 15 26 15 21 25 13 19 1 5 5 0 9 9 13 2 23 29 2 23 29 13 9 23 9 29 18 1 1 13 26 13 13 21 19 26 
0 3 3 0 4 5 2 3 3 6 6 1 0 2 0 5 0 1 1 2 1 1 4 5 4 5 4 7 7 2 2 2 0 0 1 4 5 6 0 6 0 1 6 2 2 5 6 3 1 3 4 4 1 2 3 7 5 6 2 7 17 9 33 9 33 33 31 13 20 13 15 23 19 29 25 20 30 9 13 5 19 30 25 1 13 25 20 9 21 13 19 25 1 5 5 9 9 2 13 9 23 17 26 17 23 13 33 18 1 25 1 18 25 1 2 2 18 21 9 13 
0 3 3 0 4 5 1 3 3 5 6 1 0 2 0 5 0 1 1 1 1 1 3 3 4 4 4 6 7 2 2 2 0 0 0 4 4 5 0 5 0 1 6 2 2 5 6 2 1 2 2 3 1 2 2 6 4 6 2 6 17 9 33 9 26 2 29 13 20 33 2 23 19 17 25 20 32 9 13 5 19 32 18 25 13 18 20 26 21 13 19 25 1 5 29 9 33 9 13 26 23 17 9 5 7 13 13 23 1 29 31 1 25 1 33 15 1 21 9 33 
0 2 3 0 4 4 1 3 3 5 5 1 0 2 0 5 0 1 1 1 1 1 3 3 4 4 4 6 7 2 2 2 0 0 0 3 4 5 0 5 0 1 6 2 2 5 6 2 1 2 2 3 1 2 2 6 4 6 2 6 17 36 9 9 9 33 29 13 20 26 33 23 19 17 25 20 33 9 13 5 19 33 18 25 13 18 20 15 21 13 19 25 1 5 29 33 26 2 13 9 23 17 2 5 7 13 9 23 1 29 31 1 25 1 33 13 1 21 9 26 
0 0 1 0 3 4 2 3 3 4 5 1 0 2 0 5 0 1 1 1 1 1 3 3 4 3 4 5 7 2 2 2 0 0 0 3 4 4 0 4 0 1 5 1 1 5 5 2 1 2 2 2 1 2 2 5 3 6 2 6 17 37 37 9 33 9 31 13 20 37 2 23 19 5 25 20 33 9 13 5 19 33 1 18 13 36 20 37 21 13 19 25 1 5 29 9 2 26 13 33 23 17 9 29 31 13 26 7 1 17 23 29 25 1 35 33 25 21 9 2 
0 2 3 0 3 4 2 3 3 4 5 1 0 1 0 5 0 1 1 1 1 1 2 3 4 5 4 6 7 2 2 2 0 0 0 3 3 4 0 4 0 0 5 1 1 5 5 1 1 2 2 2 1 2 2 5 4 6 2 6 17 12 2 9 26 2 9 13 20 33 2 5 19 23 25 20 35 9 13 31 19 35 29 37 13 37 20 2 21 19 25 35 1 5 31 9 33 9 13 26 23 29 9 7 17 13 26 29 1 5 17 23 25 1 31 33 37 21 13 9 
0 2 3 0 3 4 2 3 3 4 5 0 0 1 0 5 0 1 1 2 1 1 2 2 4 5 4 5 7 2 2 2 0 0 1 3 3 4 0 4 0 0 5 0 1 4 5 1 1 1 2 2 1 2 3 5 5 6 2 6 5 12 2 9 26 2 33 20 37 33 2 23 19 17 25 13 36 9 13 9 19 36 23 29 13 37 20 39 21 19 25 36 1 33 33 9 33 9 13 26 7 17 9 29 5 37 26 23 1 29 5 17 25 1 13 33 21 21 13 2 
0 1 1 0 3 3 2 3 3 4 4 0 0 1 0 5 0 1 1 2 1 1 2 5 4 5 4 5 7 2 2 2 0 1 1 2 3 3 0 4 0 0 4 1 1 4 5 1 0 2 2 2 1 2 3 5 5 6 2 5 5 12 36 9 2 26 33 20 37 9 26 29 19 23 25 13 33 1 13 9 19 37 29 21 13 39 20 26 21 19 25 37 1 9 33 12 9 33 13 2 17 23 33 5 17 37 2 29 37 5 17 23 25 1 13 9 37 21 13 33 
0 0 1 0 3 3 2 3 3 4 4 0 0 1 0 5 0 1 1 2 1 1 2 5 4 5 4 5 7 2 2 2 0 1 1 1 3 3 0 4 0 0 4 1 1 4 5 1 0 2 2 2 1 2 3 5 5 6 2 5 5 41 12 9 2 26 33 20 37 9 26 29 19 23 25 13 33 1 13 9 19 37 29 21 13 39 20 26 21 18 25 37 1 9 33 36 9 33 13 2 17 23 33 5 17 37 2 29 37 5 16 22 25 1 13 9 37 21 12 33 
0 1 1 0 3 3 2 3 3 4 4 0 0 1 0 5 0 1 1 2 1 1 2 5 4 5 4 5 7 2 2 2 0 1 1 2 3 3 0 4 0 0 4 0 1 4 5 1 0 1 1 2 1 2 3 5 5 6 2 5 5 12 36 9 2 26 33 20 37 9 26 29 19 17 25 13 33 1 13 9 19 37 41 21 13 39 20 26 21 19 25 37 1 9 33 6 9 33 13 2 17 23 33 41 5 37 2 23 37 29 41 17 25 1 13 9 37 21 13 33 
0 1 1 0 3 3 1 2 2 4 4 0 0 2 0 4 0 1 1 1 1 1 5 5 3 5 3 5 7 2 2 2 0 0 1 1 3 3 0 4 0 0 4 1 1 3 5 4 0 4 4 5 1 2 2 5 5 6 2 5 5 12 23 9 2 26 41 33 41 9 26 29 19 17 25 13 33 1 13 33 19 37 15 21 13 39 20 26 21 19 25 37 1 41 9 30 9 33 13 2 17 23 33 5 17 37 2 21 37 37 39 13 25 1 9 9 37 21 13 33 
0 0 0 0 3 3 1 2 2 4 4 0 0 2 0 4 0 1 1 1 1 1 5 5 3 5 3 5 7 2 2 2 0 0 0 1 3 3 0 4 0 0 4 1 1 3 5 4 1 4 4 5 1 2 2 5 5 6 2 5 5 12 36 13 2 26 33 33 42 9 26 29 25 17 37 13 41 13 19 9 25 41 15 21 13 39 20 26 21 19 25 37 1 9 33 12 9 33 19 2 17 23 33 5 17 37 2 21 1 37 39 13 37 1 9 9 37 21 13 33 
0 0 0 0 3 3 1 2 2 4 4 2 0 4 0 4 0 1 1 1 1 1 5 5 3 5 3 5 7 2 2 2 0 0 0 0 3 3 0 4 0 1 4 3 4 3 5 4 1 4 5 5 1 2 2 5 5 6 2 5 5 12 23 13 2 26 33 26 33 9 26 17 25 37 37 13 42 13 19 9 25 42 21 37 13 44 20 26 21 19 37 42 1 9 33 30 9 33 19 2 17 17 33 44 21 37 2 39 1 44 13 15 37 1 9 9 39 21 13 33 
0 0 0 0 3 3 1 2 2 4 4 1 0 4 0 3 0 1 1 1 1 1 4 5 3 5 3 5 5 2 2 2 0 0 0 3 3 4 0 4 0 1 5 2 2 3 5 4 1 4 4 4 1 2 2 5 5 5 2 5 17 6 12 13 9 33 33 26 33 26 33 41 25 13 37 44 43 13 19 9 25 43 45 13 13 21 20 33 45 19 37 43 1 9 33 2 26 2 19 9 41 17 2 17 41 37 9 15 1 21 37 39 37 1 9 26 15 37 13 39 
0 3 3 0 3 4 1 1 2 4 4 1 0 3 0 3 0 1 1 0 1 1 4 4 2 4 2 5 5 2 2 2 0 0 0 3 3 4 0 4 0 1 4 2 2 2 5 3 1 3 3 4 1 2 1 5 4 5 2 5 17 2 9 13 33 2 9 48 9 33 39 41 25 21 37 13 43 13 19 48 25 43 15 21 26 45 33 13 45 19 37 43 1 9 33 26 50 9 19 26 41 17 50 17 41 48 2 37 1 39 45 13 37 1 33 9 37 21 13 15 
0 3 3 0 3 4 1 1 2 4 4 1 0 3 0 3 0 1 1 0 1 1 4 4 2 4 2 5 5 2 2 2 0 0 0 3 3 4 0 4 0 1 4 2 2 2 5 3 1 3 3 4 1 2 1 5 4 5 2 5 17 2 9 13 33 2 9 49 9 33 39 41 25 21 37 13 43 13 19 49 25 43 15 21 26 45 33 13 45 19 37 43 1 9 33 26 50 9 19 26 41 17 50 17 41 49 2 37 1 39 45 13 37 1 33 9 37 21 13 15 
0 3 3 0 3 4 1 2 2 4 4 1 0 3 0 3 0 1 1 1 1 1 4 4 2 4 2 5 5 2 2 2 0 0 0 3 3 4 0 4 0 1 4 2 2 2 5 3 0 3 3 4 1 1 1 5 4 5 2 5 17 2 9 13 33 2 33 2 9 33 39 41 25 21 37 13 43 1 13 9 19 37 15 21 26 45 33 13 45 19 37 43 1 9 33 26 50 9 19 26 41 17 50 17 41 50 2 37 49 39 45 13 25 43 50 9 37 21 13 15 
0 3 3 0 3 3 1 2 2 4 4 1 0 2 0 3 0 1 1 1 1 1 3 3 2 4 2 4 5 2 2 2 0 0 0 3 3 4 0 4 0 0 4 1 1 2 4 2 0 2 3 3 1 1 1 4 4 5 2 4 17 2 9 13 33 57 33 2 9 13 15 17 25 17 37 13 43 1 13 9 19 37 39 45 26 45 33 39 45 19 37 43 1 9 33 26 50 2 19 9 41 56 26 41 56 50 33 41 49 56 21 37 25 43 50 37 21 21 13 50 
0 3 3 0 3 3 1 1 1 3 4 1 0 2 0 2 0 1 1 0 1 1 3 3 2 4 2 4 5 2 2 2 0 0 0 3 3 3 0 3 0 1 4 2 2 2 4 2 0 2 2 3 1 1 1 4 4 5 2 4 17 2 9 13 26 37 9 50 57 57 2 41 25 35 37 50 43 1 13 57 19 37 21 45 2 45 9 26 45 19 37 43 1 9 33 15 33 39 19 50 41 17 9 17 32 26 13 41 49 56 58 13 25 43 33 15 21 21 13 33 
0 3 3 0 3 3 1 1 1 3 4 1 0 2 0 2 0 1 1 0 1 1 3 3 2 4 2 4 5 2 2 2 0 0 0 3 3 3 0 3 0 1 4 2 2 2 4 2 0 2 2 3 1 1 1 4 4 5 2 4 17 2 9 13 26 37 9 50 57 57 2 41 25 35 37 50 43 1 13 57 19 37 21 45 2 45 9 26 45 19 37 43 1 9 33 15 33 39 19 50 41 17 9 17 32 26 13 41 49 56 59 13 25 43 33 15 21 21 13 33 
0 2 2 0 3 3 1 1 1 3 3 1 0 2 0 2 0 1 1 0 1 1 3 3 2 4 2 4 5 2 2 2 0 0 0 3 3 3 0 3 0 0 3 1 1 2 3 2 0 2 2 2 1 1 1 3 4 5 2 4 17 42 57 13 9 15 9 50 59 37 39 17 25 8 37 59 43 1 13 59 19 37 21 45 2 45 26 2 45 19 37 43 1 9 33 2 13 26 19 33 41 56 50 41 56 50 57 11 49 17 32 35 25 43 33 61 21 21 13 9 
0 2 2 0 3 3 1 1 1 3 3 1 0 2 0 2 0 1 1 0 1 1 3 3 1 4 2 4 5 2 2 2 0 0 0 3 3 3 0 3 0 0 3 1 1 2 3 2 0 2 2 2 1 2 1 3 4 5 2 4 17 42 57 13 9 15 2 26 33 37 39 17 25 8 37 50 43 13 19 50 37 59 21 45 50 45 2 2 45 37 43 59 1 9 33 2 13 26 19 33 41 56 50 41 56 26 57 11 59 17 32 35 43 13 9 61 21 21 19 9 
0 1 2 0 2 3 0 1 1 3 3 1 0 1 0 2 0 1 1 0 1 1 3 3 1 4 2 3 5 2 2 2 0 0 0 2 2 3 0 3 0 1 3 1 1 2 3 2 0 2 2 2 1 2 1 3 4 5 2 3 17 59 35 13 57 2 57 9 26 15 26 32 25 56 37 50 43 13 19 50 37 60 21 45 50 45 2 50 45 37 43 60 1 9 33 42 59 9 19 13 41 17 33 35 41 26 37 8 60 11 17 32 43 13 2 39 21 21 19 57 
0 2 2 0 2 3 0 1 1 3 3 1 0 1 0 2 0 1 1 0 1 1 3 3 1 4 2 3 5 2 2 2 0 0 0 2 2 3 0 3 0 1 3 1 1 2 3 1 0 2 2 2 1 2 1 3 4 5 2 3 17 33 35 13 57 2 57 9 26 15 26 32 25 56 37 50 43 13 19 50 37 61 21 45 50 45 2 50 45 37 43 61 1 9 33 42 59 9 19 13 41 17 33 35 41 26 37 59 61 8 11 17 43 13 2 39 21 21 19 57 
0 1 2 0 2 2 0 1 1 2 3 1 0 1 0 2 0 1 1 0 1 1 3 3 1 4 2 3 5 2 2 2 0 0 0 2 2 2 0 2 0 1 3 1 1 2 3 1 0 1 1 2 1 2 0 3 4 5 2 3 17 59 9 13 18 35 57 2 26 59 2 11 25 35 37 50 43 13 19 50 37 61 21 45 50 45 2 26 45 37 43 61 1 9 33 11 33 42 19 57 41 8 9 17 32 26 13 41 61 56 66 66 43 13 65 15 21 21 19 33 
0 1 1 0 2 2 1 1 1 2 2 0 0 1 0 2 0 1 1 0 1 1 3 3 2 4 2 3 5 2 2 2 0 0 0 1 2 2 0 2 0 0 2 0 0 2 3 1 0 1 1 1 1 2 1 3 4 5 2 3 17 42 57 13 9 18 2 50 66 42 57 41 25 8 37 66 43 13 19 66 37 61 21 45 2 45 26 13 45 37 43 61 1 9 50 59 11 33 19 35 32 35 59 56 59 50 2 11 61 17 32 35 43 13 26 9 21 21 19 15 
0 1 1 0 2 2 0 1 1 2 2 0 0 1 0 2 0 1 1 0 1 1 3 3 2 4 2 3 5 2 2 2 0 0 0 1 2 2 0 2 0 0 2 0 0 2 2 1 1 1 1 1 1 2 1 3 4 5 2 3 17 42 57 19 9 18 50 26 50 42 57 41 43 8 61 67 66 19 37 26 43 66 21 45 2 45 26 9 45 37 43 61 13 2 9 59 11 33 37 35 32 35 59 56 59 50 66 11 13 17 32 35 61 13 2 2 21 21 19 13 
0 1 1 0 1 1 0 1 1 1 2 0 0 0 0 2 0 1 1 0 1 1 4 4 2 5 2 2 5 2 2 2 0 0 0 1 1 1 0 1 0 0 2 0 0 2 2 2 1 3 3 3 1 2 1 2 4 5 2 2 17 9 11 19 33 42 50 26 50 66 9 41 43 65 61 68 67 19 37 26 43 67 21 45 2 21 26 35 69 37 43 61 13 2 9 18 35 57 37 59 32 35 11 56 59 50 18 66 13 21 45 69 61 13 2 33 69 45 19 57 
0 0 0 0 1 1 0 1 1 1 1 0 0 2 0 2 0 1 1 0 1 1 4 4 2 5 2 2 5 2 2 2 0 0 0 0 1 1 0 1 0 0 1 0 1 2 1 2 1 3 3 3 1 2 1 2 4 5 2 2 17 57 59 19 9 18 50 26 50 42 57 41 43 66 61 68 67 19 37 26 43 67 21 45 2 21 26 33 69 37 43 61 13 2 9 66 11 33 37 35 32 35 59 73 73 50 66 73 13 21 45 69 61 13 2 9 69 45 19 57 
0 0 0 0 0 1 0 1 1 1 1 0 0 2 0 2 0 1 1 0 1 1 4 4 1 5 2 2 5 2 2 2 0 0 0 0 0 1 0 1 0 0 1 0 2 2 2 2 1 3 3 3 1 2 1 2 4 5 2 2 8 42 57 19 66 9 74 26 50 33 57 32 43 66 61 68 67 19 37 50 43 67 21 45 74 21 2 57 69 37 43 61 13 2 26 59 81 11 37 18 11 17 81 35 49 26 9 73 13 21 45 69 61 13 2 33 69 45 19 81 
0 0 0 0 0 0 0 1 1 1 1 2 0 2 0 2 0 1 1 0 1 1 4 4 1 5 1 2 5 2 2 2 0 0 0 0 0 0 0 1 0 2 1 2 2 1 2 2 1 3 3 3 1 2 0 2 4 5 2 2 8 18 33 19 42 59 74 2 26 33 57 25 43 73 61 68 67 19 37 50 43 67 21 45 50 21 74 57 69 37 43 61 13 2 26 35 57 81 37 9 11 1 81 49 66 83 9 84 13 21 45 69 61 13 83 33 69 45 19 81 
0 0 0 0 0 0 0 1 1 1 1 2 0 2 0 2 0 1 1 0 1 1 4 4 1 5 1 2 5 2 2 2 0 0 0 0 0 0 0 1 0 2 1 2 2 1 2 2 1 3 3 3 1 2 0 2 4 5 2 2 8 18 33 19 42 59 74 2 26 33 57 25 43 73 61 68 67 19 37 50 43 67 21 45 50 21 74 57 69 37 43 61 13 2 26 35 57 81 37 9 11 1 81 49 66 83 9 85 13 21 45 69 61 13 83 33 69 45 19 81 
0 0 0 0 0 0 0 1 1 1 1 2 0 2 0 2 0 1 1 0 1 1 4 4 1 5 1 2 5 2 2 2 0 0 0 0 0 0 0 1 0 1 1 2 2 2 2 2 1 3 3 3 1 2 0 2 4 5 2 2 8 18 33 19 42 59 74 2 26 33 57 1 43 66 61 85 67 19 37 50 43 67 21 45 50 21 85 57 69 37 43 61 13 2 26 35 57 81 37 9 11 73 81 25 49 68 9 73 13 21 45 69 61 13 85 33 69 45 19 81 
0 0 0 0 0 0 0 1 1 1 1 2 0 2 0 2 0 1 1 0 1 1 4 4 2 5 2 2 5 2 2 2 0 0 0 0 0 0 0 1 1 2 1 2 2 2 2 2 0 3 3 3 1 1 1 2 4 5 1 2 8 11 18 19 35 57 74 26 50 33 57 25 43 66 61 85 67 13 19 50 37 61 21 45 44 21 61 57 69 13 19 37 13 2 26 33 42 81 37 9 73 1 81 42 49 68 9 73 85 21 45 69 43 67 2 33 69 45 85 81 
0 0 0 0 0 0 0 1 1 1 1 2 0 2 0 2 0 1 1 0 1 1 3 3 2 4 2 2 5 2 2 2 0 0 0 0 0 0 0 1 1 1 1 2 2 2 2 2 0 2 2 3 1 1 1 2 4 4 1 2 90 9 11 19 33 57 74 26 50 33 57 1 43 49 61 85 67 13 19 50 37 61 45 69 44 45 61 57 21 13 19 37 13 2 26 18 35 81 37 9 73 90 81 25 42 68 9 66 85 73 90 21 43 67 2 33 21 69 85 81 
1 0 0 0 0 0 0 1 2 1 1 1 0 2 0 2 0 1 1 0 1 1 3 3 2 4 2 2 5 2 2 2 0 0 0 0 0 0 0 1 1 1 1 2 2 2 2 2 0 2 2 3 1 1 0 2 4 4 1 2 1 9 11 19 33 57 74 91 44 33 57 73 43 42 61 91 67 13 19 50 37 61 45 69 61 45 68 57 21 13 19 37 13 2 26 18 35 81 37 9 25 49 81 1 25 85 9 49 85 66 73 21 43 67 91 33 21 69 85 81 
1 0 0 0 0 0 0 2 2 1 1 1 0 2 0 2 0 0 1 0 1 1 2 3 2 3 2 2 4 1 1 2 0 0 0 0 0 0 0 1 1 1 1 2 2 2 2 2 0 2 2 2 1 1 2 2 3 3 1 2 1 9 11 19 33 57 74 37 44 33 57 73 43 25 61 92 67 91 13 50 19 43 90 21 61 69 68 57 21 85 91 13 13 2 26 18 35 81 37 9 25 49 81 1 18 85 9 42 85 49 66 73 37 61 20 33 45 93 67 81 
0 0 0 0 0 1 0 2 2 1 1 1 0 2 0 2 0 0 1 0 1 1 2 2 2 2 2 2 3 1 1 2 0 0 0 0 0 1 0 1 1 1 2 1 1 2 2 2 0 2 2 2 1 1 2 2 2 3 1 2 97 9 33 19 81 9 74 37 44 81 105 49 43 1 61 92 67 91 13 50 19 43 66 73 61 97 68 81 45 85 91 13 13 2 26 57 105 33 37 57 1 25 9 73 97 85 33 18 85 25 42 49 37 61 20 57 90 21 67 105 
0 0 0 0 0 1 0 2 2 1 1 1 0 1 0 2 0 0 1 0 1 1 2 2 2 2 2 2 2 1 1 2 0 0 0 0 0 1 0 1 0 1 2 1 1 2 2 1 0 2 2 2 1 1 2 2 2 2 1 2 97 9 33 19 81 9 74 37 44 81 105 25 43 97 61 92 67 91 13 50 19 43 42 49 61 73 68 81 109 85 91 13 13 2 26 57 105 33 37 57 109 1 9 49 73 85 33 109 85 1 18 25 37 61 20 57 66 90 67 98 
0 0 0 0 0 1 2 2 2 1 1 0 0 1 0 2 0 0 1 1 1 1 2 2 2 2 2 2 2 1 1 2 0 0 0 0 0 1 0 1 0 0 2 1 1 2 2 1 0 1 2 2 1 1 2 2 2 2 1 2 25 9 33 19 81 9 20 44 61 81 105 97 43 49 61 109 67 91 13 109 19 43 25 42 68 66 85 81 90 85 91 13 13 2 109 57 105 33 37 57 49 73 9 1 25 92 33 73 85 97 1 18 37 61 37 57 49 73 67 98 
0 0 0 0 0 1 2 2 2 1 1 0 0 1 0 2 0 0 0 2 1 1 1 2 2 2 2 2 2 1 1 1 0 0 1 0 0 1 0 1 0 0 2 0 1 2 2 1 0 1 1 1 1 1 2 2 2 2 1 2 1 9 33 19 81 9 20 44 61 81 105 73 43 25 61 109 67 91 109 13 13 37 116 1 68 25 85 57 116 67 85 91 13 115 109 57 105 33 37 57 25 49 9 97 1 92 33 49 85 73 97 114 19 43 37 50 18 42 61 74 
0 0 0 0 0 1 2 2 2 1 1 0 0 1 0 2 0 0 0 1 0 1 1 2 2 2 2 2 2 1 1 1 0 1 1 0 0 1 0 1 0 0 2 0 1 2 2 1 0 1 1 1 1 1 2 2 2 2 1 2 1 9 33 19 81 9 13 37 44 81 105 73 43 25 61 92 67 91 109 116 115 19 114 1 61 109 68 50 117 61 67 85 13 92 109 57 105 33 37 57 25 49 9 97 1 85 26 49 85 73 90 97 13 37 20 33 18 111 43 57 
0 0 0 0 0 0 2 2 2 1 1 0 0 0 0 2 0 0 0 1 0 1 1 1 2 2 2 1 2 1 1 1 0 1 1 0 0 1 0 1 0 0 1 0 0 2 1 1 0 1 1 1 1 1 2 1 2 2 1 2 1 9 33 19 81 129 13 37 44 57 81 73 43 133 61 92 67 91 109 116 115 19 90 133 61 111 68 129 133 61 67 85 13 92 109 57 105 9 37 33 25 49 98 97 121 85 105 1 85 25 49 73 13 37 20 122 109 117 43 2 
0 0 0 0 0 0 1 2 2 1 1 0 0 1 0 2 0 0 0 1 0 1 2 2 2 2 2 1 2 1 1 1 0 0 1 0 0 1 0 1 0 0 1 0 0 2 1 1 0 1 1 2 1 1 1 1 2 2 1 2 1 9 33 19 81 129 116 13 20 57 81 73 43 1 61 68 67 91 109 109 115 19 87 93 37 111 44 129 133 61 67 85 13 133 92 57 105 9 37 33 25 49 98 97 121 61 105 25 85 49 73 85 13 37 133 122 109 117 43 2 
0 0 0 0 0 0 1 2 2 1 1 0 0 1 0 2 0 0 0 1 0 1 2 2 2 2 2 1 2 1 1 1 0 1 1 0 0 1 0 1 0 0 1 0 0 2 1 1 0 1 2 2 0 1 1 1 2 2 1 1 1 9 33 19 81 129 116 13 20 57 74 73 43 1 61 68 67 91 109 109 115 13 93 109 37 117 44 122 135 43 61 67 13 85 92 57 105 9 37 33 25 49 81 97 121 61 98 25 85 49 85 87 133 19 133 105 111 133 37 129 
0 0 0 0 0 0 1 2 2 1 1 0 0 0 0 2 0 0 0 1 0 1 2 2 2 2 2 1 2 1 1 1 0 1 1 0 0 1 0 1 0 0 1 0 0 2 1 1 0 2 2 2 0 1 1 1 2 2 1 1 1 9 33 19 81 129 116 13 20 26 33 73 43 140 61 68 67 91 109 109 115 13 109 111 37 133 44 81 140 43 61 67 13 85 92 57 105 2 37 9 25 49 50 97 121 61 57 140 85 85 87 93 133 19 133 74 117 135 37 98 
0 0 0 0 0 0 1 1 1 1 1 0 0 2 0 2 0 0 0 1 0 0 2 2 2 2 2 1 2 1 1 1 0 1 1 0 0 0 0 1 0 0 1 0 2 2 1 2 0 2 2 2 0 1 1 1 2 2 1 1 1 9 33 19 81 122 109 133 140 9 26 73 43 63 61 44 67 91 109 92 115 139 109 111 13 133 20 74 141 37 43 61 13 68 85 57 105 129 37 2 25 49 33 97 61 37 50 69 85 85 87 93 133 13 116 57 117 135 19 81 
0 0 0 0 0 0 1 1 1 0 0 1 0 2 0 2 0 0 0 1 0 0 2 2 2 2 2 1 2 1 1 1 0 1 1 0 0 0 0 0 0 0 0 2 2 2 0 2 0 2 2 2 0 1 1 1 2 2 1 1 1 9 33 19 57 81 109 133 140 122 129 157 43 69 61 44 67 91 109 92 115 139 111 117 13 135 20 9 157 37 43 61 13 68 85 50 74 98 37 105 25 157 146 61 63 37 153 85 85 87 93 109 133 13 116 2 133 141 19 26 
0 0 0 0 0 0 1 1 1 0 0 2 0 2 0 2 0 0 0 1 0 0 2 2 1 2 1 1 2 1 1 1 0 0 1 0 0 0 0 0 2 2 0 2 2 2 0 2 0 2 2 2 0 1 1 0 2 2 1 1 1 9 26 19 50 74 92 116 133 105 122 45 43 69 61 20 67 91 109 85 115 139 111 117 140 135 157 2 157 37 43 61 13 157 68 33 57 81 37 98 37 39 129 61 63 13 146 85 85 87 93 109 133 13 109 153 133 141 19 9 
2 0 0 0 0 0 1 1 1 0 0 2 0 2 0 2 0 0 0 1 0 0 2 2 1 2 1 0 2 1 1 1 0 1 1 0 0 0 0 0 2 2 0 2 2 2 0 2 0 2 2 2 0 0 1 0 2 2 1 1 37 2 9 19 33 57 92 116 133 98 105 61 43 85 61 20 67 91 109 85 115 139 117 133 140 141 157 153 159 19 37 43 13 61 68 26 50 74 37 81 39 45 122 63 69 13 129 87 85 93 109 111 133 157 109 146 135 157 13 2 
2 0 0 0 0 0 1 1 1 0 0 2 0 2 0 1 0 0 0 1 0 0 2 2 1 2 1 0 2 1 1 1 0 1 1 0 0 0 0 0 2 2 0 2 2 1 0 2 0 2 2 2 0 0 1 0 2 2 0 1 13 2 9 19 33 57 85 109 116 98 105 37 43 61 61 164 67 91 109 68 115 139 93 109 133 117 140 153 165 13 19 37 13 44 61 26 50 74 37 81 15 21 122 39 45 157 129 63 85 69 85 87 133 157 92 146 111 141 163 2 
1 0 0 0 0 0 1 1 1 0 0 2 0 2 0 1 0 0 0 1 0 0 2 2 1 2 1 0 2 1 1 1 0 0 1 0 0 0 0 0 1 2 0 2 2 1 0 2 0 2 2 2 0 0 1 0 2 2 0 0 165 2 9 19 33 57 68 92 109 98 105 15 43 39 61 157 67 91 109 61 115 139 85 87 116 117 133 153 165 13 19 37 13 181 44 26 50 74 37 81 181 13 122 21 37 140 129 45 85 61 63 69 133 157 85 146 93 141 163 170 
1 0 0 0 0 0 1 1 1 0 0 1 0 2 0 1 0 0 0 1 0 0 2 2 1 2 1 0 2 0 0 1 0 1 1 0 0 0 0 0 1 1 0 1 1 1 0 2 0 2 2 2 0 0 1 0 2 2 0 0 157 2 9 19 33 57 61 85 92 98 105 181 43 13 61 140 67 91 109 44 115 139 69 93 109 141 116 153 189 181 187 13 13 20 37 26 50 74 37 81 159 165 122 183 189 133 129 15 85 21 37 45 133 157 68 146 117 165 163 170 
1 0 0 0 0 0 1 1 1 0 0 1 0 1 0 1 0 0 0 1 0 0 2 2 1 2 1 0 2 0 0 1 0 0 1 0 0 0 0 0 1 1 0 1 1 1 0 1 0 2 2 2 0 0 1 0 2 2 0 0 141 2 9 19 33 57 44 68 85 98 105 165 43 189 61 133 67 91 109 37 115 139 69 93 92 141 109 153 189 181 187 13 13 205 20 26 50 74 37 81 157 159 122 181 183 116 129 205 85 13 21 45 133 157 61 146 117 165 163 170 
1 0 0 0 0 0 1 1 1 0 0 1 0 1 0 1 0 0 0 1 0 0 2 2 1 2 1 0 2 0 0 0 0 0 1 0 0 0 0 0 1 1 0 1 1 1 0 1 0 2 2 2 0 0 1 0 2 2 0 0 133 2 9 19 33 57 37 61 68 98 105 157 43 189 61 116 67 91 109 20 115 139 93 117 85 165 92 153 213 181 187 205 13 212 13 26 50 74 37 81 135 141 122 159 165 109 129 213 85 21 45 69 133 157 44 146 141 189 163 170 
1 0 0 0 0 0 1 1 1 0 0 1 0 1 0 1 0 0 0 1 0 0 2 2 1 2 1 0 2 0 0 0 0 0 0 0 0 0 0 0 1 1 0 1 1 1 0 1 0 2 2 2 0 0 1 0 2 2 0 0 117 2 9 19 33 57 20 44 61 98 105 141 43 189 61 109 67 91 109 13 115 139 93 117 68 165 85 153 213 181 187 205 13 212 229 26 50 74 37 81 133 135 122 157 165 92 129 213 85 21 45 69 133 157 37 146 141 189 163 170 
1 0 0 0 0 0 1 1 1 0 0 1 0 1 0 1 0 0 0 0 0 0 2 2 1 2 1 0 2 0 0 0 0 0 0 0 0 0 0 0 1 1 0 1 1 1 0 2 0 2 2 2 0 0 1 0 2 2 0 0 109 2 9 19 33 57 13 37 44 98 105 165 43 237 61 92 67 91 109 236 115 139 117 141 61 189 68 153 237 181 187 205 13 212 229 26 50 74 37 81 117 141 122 189 213 85 129 21 85 45 69 93 133 157 20 146 165 213 163 170 
1 0 0 0 0 0 0 1 1 0 0 1 0 1 0 1 0 0 0 0 0 0 2 2 1 2 1 0 2 0 0 0 0 0 0 0 0 0 0 0 1 1 0 1 1 1 0 2 0 2 2 2 0 0 1 0 2 2 0 0 93 2 9 19 33 57 253 20 37 98 105 165 43 237 61 85 67 91 109 236 115 139 117 141 44 189 61 153 237 181 187 205 13 212 229 26 50 74 37 81 117 141 122 189 213 68 129 21 85 45 69 93 133 157 13 146 165 213 163 170 
