0 0 0 1 0 1 1 1 2 1 1 2 2 2 2 2 0 0 0 1 1 5 11 1 20 11 0 20 1 15 10 12 5 15 14 19 0 10 15 5 
0 0 0 1 1 1 1 2 2 1 1 2 2 2 1 0 0 0 0 1 1 5 11 1 21 11 0 2 15 15 10 12 5 19 20 20 0 10 15 5 
0 0 0 0 2 1 1 2 1 1 1 2 2 2 1 1 0 0 0 1 1 5 11 20 2 1 0 12 11 15 10 18 5 14 20 21 0 10 15 5 
0 0 0 0 1 1 0 2 1 1 1 2 2 2 1 1 0 0 0 1 1 5 11 21 20 1 20 2 11 15 0 18 5 14 10 22 0 10 15 5 
0 0 0 0 0 1 1 2 1 1 1 2 2 2 1 1 0 0 0 1 1 5 11 22 20 1 0 18 22 15 10 24 5 14 11 12 0 10 15 5 
0 0 0 1 0 2 1 1 2 1 1 2 1 2 2 1 0 0 0 0 1 5 11 23 20 4 14 12 15 5 22 8 15 23 19 2 0 10 15 22 
0 0 0 1 1 2 1 1 2 1 2 1 1 2 2 0 0 0 0 0 1 5 11 24 2 5 4 12 15 5 9 22 15 24 19 20 0 10 15 23 
0 0 0 1 1 2 0 1 2 1 2 1 1 2 2 0 0 0 0 0 1 5 11 25 2 5 20 12 15 5 9 22 15 25 19 21 0 10 15 24 
0 0 0 1 0 2 2 1 2 1 2 1 1 2 2 0 0 0 0 0 1 5 11 24 20 5 9 2 15 5 19 28 15 25 29 22 0 10 15 25 
0 0 0 1 0 2 2 0 2 1 2 1 1 2 2 0 0 0 0 0 1 5 11 24 20 5 9 30 15 5 19 28 15 25 29 22 0 10 15 25 
0 0 0 1 0 2 2 0 2 1 2 1 1 2 2 0 0 0 0 0 1 5 11 24 20 5 9 31 15 5 19 28 15 25 29 22 0 10 15 25 
0 0 0 1 0 2 2 0 2 1 2 0 1 2 2 0 0 1 0 0 1 5 11 25 20 5 9 30 15 5 19 32 15 25 29 22 0 29 15 25 
0 0 0 1 0 2 2 0 2 1 2 0 1 2 2 0 0 1 0 0 1 5 11 25 20 5 9 30 15 5 19 32 15 25 29 22 34 29 15 25 
0 0 0 1 0 2 2 0 2 1 2 1 1 2 2 0 1 2 0 0 1 5 32 25 10 5 19 22 15 5 29 34 15 25 35 12 29 9 15 25 
0 0 0 1 0 2 2 0 2 1 2 2 1 2 2 1 0 1 0 0 1 5 33 25 12 5 9 22 15 5 19 35 15 25 29 34 14 29 15 25 
0 0 1 1 0 2 2 0 2 1 2 0 1 2 2 2 0 1 0 0 34 5 25 34 2 5 9 12 15 5 19 22 15 25 29 35 4 29 15 25 
1 0 1 1 0 2 2 0 2 0 2 0 1 2 2 2 1 1 0 0 15 5 25 35 2 5 9 12 15 34 19 22 5 25 29 35 19 29 15 25 
1 0 1 1 0 2 1 0 2 0 2 2 1 2 2 2 1 1 0 0 15 5 25 35 2 5 39 12 15 35 9 38 5 25 19 35 19 29 15 25 
1 0 1 1 0 2 1 2 2 0 1 2 1 2 2 0 1 1 0 0 15 5 25 35 2 5 39 35 15 35 45 37 5 25 9 43 19 29 15 25 
0 0 1 1 1 1 1 2 2 0 2 2 1 2 2 2 1 1 0 0 43 5 15 25 45 35 39 28 5 35 9 35 5 15 19 25 19 29 15 25 
0 0 1 1 2 1 1 2 2 0 2 2 1 2 2 1 1 1 0 0 44 5 15 25 25 35 39 27 5 35 9 35 5 15 19 45 19 29 15 25 
1 0 1 1 2 1 1 2 1 0 1 2 0 2 2 2 1 1 0 0 5 5 15 25 18 35 29 25 45 35 39 27 44 5 9 15 9 19 15 25 
1 0 1 1 2 1 1 2 1 0 1 2 0 2 1 2 1 1 0 0 5 5 15 25 18 35 29 25 45 35 39 27 45 5 49 15 9 19 15 25 
0 0 1 1 1 1 1 2 1 0 1 2 0 1 1 2 1 1 0 0 53 5 5 15 55 25 29 8 35 35 39 15 45 45 49 5 9 19 15 25 
0 0 1 1 2 1 1 2 1 0 1 2 0 1 1 1 1 1 0 0 54 5 5 15 5 25 29 7 35 35 39 15 45 45 49 55 9 19 15 25 
0 0 1 1 2 1 1 2 1 0 1 2 0 1 1 1 1 1 0 0 55 5 5 15 5 25 29 7 35 35 39 15 45 45 49 55 9 19 15 25 
0 0 1 1 0 1 1 1 1 0 1 2 0 1 1 1 1 1 0 0 54 5 5 15 58 25 29 58 35 35 39 5 45 45 49 55 9 19 15 25 
0 0 1 1 0 1 1 0 1 0 1 1 0 1 1 1 1 1 0 0 54 5 5 15 58 25 29 64 35 35 39 58 45 45 49 55 9 19 15 25 
0 0 1 1 1 1 1 1 1 0 1 1 0 1 1 0 0 1 0 0 55 5 5 15 55 25 19 57 35 35 29 65 45 45 39 64 59 9 15 25 
0 0 0 1 1 1 1 1 1 0 1 1 0 1 1 1 0 1 0 0 55 5 64 5 48 15 19 55 25 35 29 57 45 35 39 45 59 9 15 25 
0 0 0 1 1 1 1 1 1 0 1 1 0 1 1 1 0 1 0 0 55 5 65 5 48 15 19 55 25 35 29 57 45 35 39 45 59 9 15 25 
0 0 0 1 1 1 1 1 1 0 1 1 0 1 1 1 0 0 0 0 55 5 65 5 48 15 9 55 25 35 19 57 45 35 29 45 59 69 15 25 
0 0 0 1 1 1 0 1 1 0 1 1 0 1 1 1 0 0 0 0 55 5 65 5 48 15 75 55 25 35 9 57 45 35 19 45 59 69 15 25 
0 0 0 0 1 1 1 1 1 0 1 1 0 1 1 1 0 0 0 0 55 5 65 75 38 5 9 45 15 35 19 47 45 25 29 35 59 69 15 25 
0 0 0 0 1 1 0 1 1 0 1 1 0 1 1 1 0 0 0 0 55 5 65 75 38 5 79 45 15 35 9 47 45 25 19 35 59 69 15 25 
