0 0 1 0 1 1 1 2 2 2 2 3 3 4 4 5 5 5 4 5 5 6 6 6 7 6 7 7 6 7 7 7 0 0 1 0 1 1 2 2 3 2 3 3 4 3 4 5 5 3 5 6 6 6 4 6 4 5 7 7 0 3 0 10 3 2 10 0 9 6 10 3 9 0 13 2 1 4 3 8 13 2 4 8 2 7 0 1 10 10 4 13 13 6 13 9 6 9 2 3 2 13 0 13 2 6 9 0 5 10 7 0 1 5 6 13 10 10 5 8 
0 0 2 0 0 1 1 3 2 1 2 2 3 4 4 4 5 5 3 5 5 5 6 6 6 7 7 7 6 7 7 7 1 0 2 0 1 1 2 1 2 3 3 3 3 2 4 4 4 3 5 6 6 5 4 6 4 5 6 7 0 3 0 10 13 2 6 0 9 13 3 6 2 0 6 8 0 4 10 2 5 8 13 2 8 0 4 9 10 10 15 5 0 6 14 9 3 9 2 10 13 6 8 14 13 10 2 13 14 3 13 0 4 14 3 5 10 10 14 2 
0 0 2 0 0 0 1 3 1 1 2 2 2 4 4 4 3 3 3 5 5 5 5 6 6 5 5 7 6 7 7 7 1 0 2 0 1 1 1 1 2 3 3 3 2 2 2 3 4 3 4 4 4 5 4 6 4 5 6 7 0 3 0 10 13 16 6 0 16 13 3 6 9 0 6 8 13 16 10 2 5 8 0 2 8 4 13 9 10 10 15 5 0 6 14 9 3 2 9 10 2 6 8 14 13 10 16 2 14 3 2 13 16 14 3 5 10 10 14 2 
0 0 1 0 0 1 1 2 2 1 2 2 3 3 3 3 4 4 3 4 4 4 5 5 6 6 6 7 6 7 7 7 0 0 1 0 1 1 2 1 2 2 2 3 3 2 4 4 3 3 5 5 5 4 4 5 4 5 6 7 0 3 0 10 13 2 6 0 9 13 3 6 2 6 8 14 16 17 10 0 6 8 15 2 2 9 15 9 10 10 15 5 16 6 16 9 3 9 2 10 13 14 16 0 13 10 2 13 16 3 0 4 9 14 3 5 10 10 5 2 
0 0 1 0 0 1 1 2 2 1 1 2 2 3 3 3 3 4 3 4 4 4 5 5 6 5 5 6 6 7 7 7 1 0 2 0 0 1 1 1 2 2 2 2 3 2 3 3 3 3 4 4 4 4 4 5 4 5 6 7 0 3 17 10 13 2 3 6 2 10 13 3 16 6 8 14 16 0 10 6 8 14 9 2 2 15 18 18 10 10 18 5 0 6 0 9 16 9 16 6 13 8 14 17 0 10 2 13 17 3 2 13 16 17 3 5 10 10 5 2 
0 0 1 0 0 0 1 2 1 1 2 2 2 3 3 4 3 3 3 4 5 5 4 6 6 6 6 7 4 5 7 7 1 0 1 0 0 1 1 1 1 2 2 3 2 2 2 2 4 3 3 3 4 5 3 6 4 4 7 7 0 3 8 10 13 16 3 6 13 17 3 10 0 8 14 6 0 2 10 14 2 5 2 5 18 3 12 3 17 10 12 18 6 6 14 9 17 0 2 10 16 8 14 6 2 17 13 16 8 3 13 16 0 18 17 9 3 10 5 9 
0 0 1 0 0 1 1 1 1 1 2 2 2 3 3 3 3 3 3 4 4 5 5 6 6 6 6 7 4 5 7 7 0 0 1 0 0 1 1 1 2 2 2 2 2 2 2 3 4 3 3 4 4 5 3 6 4 4 7 7 0 3 6 10 13 0 3 14 16 18 3 10 2 6 8 14 2 13 10 8 14 5 3 5 18 3 12 3 18 10 12 18 16 6 8 9 18 2 13 10 0 6 8 14 13 18 16 0 6 3 16 0 2 18 18 9 3 10 5 9 
0 0 1 0 0 0 1 1 1 1 2 2 1 3 3 3 2 2 3 4 4 5 5 6 6 6 6 7 4 5 7 7 0 0 1 0 0 1 1 1 1 2 2 2 2 2 2 2 4 3 3 3 3 5 3 6 4 4 7 7 0 3 6 10 13 21 3 14 13 18 3 10 21 6 8 14 16 21 10 8 14 5 3 5 18 3 12 3 18 10 12 18 16 6 8 9 18 0 2 10 16 6 8 14 0 18 2 13 5 3 0 2 13 18 18 9 2 10 5 9 
0 0 0 0 0 1 1 1 1 1 2 2 1 2 3 3 2 2 3 4 4 5 5 6 6 6 6 7 4 5 7 7 0 0 1 0 0 1 1 1 1 1 2 2 2 2 2 2 3 3 2 3 4 5 3 6 4 4 7 7 0 3 21 10 13 0 3 8 16 18 3 10 22 14 5 8 16 21 10 5 8 5 3 5 18 3 12 3 18 10 12 18 16 6 6 9 18 2 13 10 21 14 6 8 0 18 2 13 14 2 22 0 15 18 18 9 2 10 5 9 
0 0 1 0 0 1 0 1 1 1 1 2 1 3 3 3 2 2 3 4 5 5 5 6 6 6 6 7 4 4 7 7 0 0 1 0 0 1 1 1 1 2 2 2 2 2 2 2 4 2 2 4 5 5 3 6 3 4 7 7 0 3 6 10 13 0 21 14 16 10 18 3 22 5 8 14 16 21 2 8 5 9 12 5 18 3 12 3 10 18 12 18 16 6 8 9 18 2 13 3 21 6 8 14 0 10 2 13 5 18 22 15 3 18 10 9 18 2 5 9 
0 0 1 0 0 0 0 1 1 1 1 2 1 3 3 3 2 2 3 4 5 5 5 6 6 6 6 7 4 4 7 7 0 0 1 0 0 1 1 1 1 2 2 2 1 2 1 2 4 2 2 4 5 5 3 6 3 4 7 7 0 3 6 10 13 24 21 14 13 10 18 3 21 5 8 14 2 13 2 8 5 9 12 5 18 3 12 3 10 18 12 18 16 6 8 9 18 0 2 3 16 6 8 14 22 10 24 0 5 18 16 15 3 18 10 9 18 2 5 9 
0 0 0 0 0 1 0 1 1 1 1 2 1 2 3 3 2 2 3 4 5 5 5 6 6 6 6 7 4 4 7 7 0 0 1 0 0 1 1 1 1 1 2 2 1 2 2 2 3 2 4 4 5 5 3 6 3 4 7 7 0 3 24 10 13 0 21 8 16 10 18 3 22 14 5 8 13 16 2 5 5 9 12 5 18 3 12 3 10 18 12 18 16 6 6 9 18 2 13 3 21 14 6 8 24 10 0 2 14 18 9 15 3 18 10 9 18 2 5 9 
0 0 1 0 0 1 0 1 1 1 1 1 1 3 3 3 2 2 2 4 5 5 5 6 6 6 6 7 4 4 7 7 0 0 1 0 0 1 1 0 1 2 2 2 1 2 1 2 4 2 4 4 5 5 3 6 3 3 7 7 0 3 6 10 13 0 21 14 16 3 10 18 22 5 8 14 2 13 18 18 5 9 12 5 18 3 12 3 2 10 12 18 16 6 8 9 18 2 13 24 21 6 8 14 24 3 26 0 5 10 9 15 3 18 2 9 10 18 5 9 
0 0 1 0 0 0 0 1 1 1 1 1 3 2 2 3 4 5 2 4 5 5 6 6 6 6 7 7 4 4 7 7 0 0 1 0 0 1 1 0 3 1 2 2 3 2 4 4 4 2 5 5 6 5 3 6 3 3 7 7 0 3 6 10 13 24 21 14 13 3 10 18 9 14 26 26 15 3 18 26 5 9 12 5 18 27 3 12 3 10 27 18 16 6 8 9 18 0 2 25 6 26 5 8 15 2 6 9 18 10 12 27 3 18 3 9 10 18 5 9 
0 0 0 0 0 1 0 1 2 1 1 1 3 2 2 3 4 5 2 4 5 5 6 6 6 6 7 7 4 4 7 7 0 0 1 0 0 1 1 0 3 1 1 2 3 2 4 4 4 2 5 5 6 5 3 6 3 3 7 7 0 3 24 10 13 0 21 8 15 3 10 18 9 8 26 26 15 3 18 26 5 9 12 5 18 27 3 12 3 10 27 18 16 6 6 9 18 2 13 26 6 14 26 5 15 2 6 9 18 10 12 27 3 18 3 9 10 18 5 9 
0 0 1 0 0 1 0 1 2 0 1 1 3 3 4 4 4 5 2 4 5 5 6 6 6 6 7 7 3 4 7 7 0 0 1 0 0 2 2 0 3 3 3 3 3 1 4 4 4 1 5 5 6 5 2 6 2 2 7 7 0 3 5 10 13 0 21 14 15 27 2 10 15 26 2 5 29 3 3 26 5 9 12 5 18 27 3 12 10 10 27 18 16 6 8 9 18 6 9 24 9 2 5 18 29 18 9 15 18 27 12 27 3 18 10 9 18 27 5 9 
0 0 3 0 0 0 0 3 1 0 1 1 2 4 4 4 5 5 2 5 5 5 7 6 6 7 7 7 3 4 7 7 0 0 3 0 0 1 1 0 1 3 3 4 2 1 2 5 4 1 6 6 6 5 2 6 2 2 6 7 0 3 2 10 13 30 21 18 15 27 3 10 6 5 18 26 12 27 3 5 9 18 3 5 18 12 18 27 10 10 30 9 16 6 5 9 18 6 9 24 30 26 29 2 9 18 30 3 29 27 3 12 27 29 10 9 18 27 29 5 
0 0 0 0 0 1 0 3 1 0 1 1 2 4 4 4 5 6 2 4 5 5 7 5 6 7 7 7 3 4 7 7 0 0 3 0 0 1 1 0 2 3 3 3 2 1 5 5 4 1 6 6 7 5 2 6 2 2 6 6 0 3 30 10 13 6 21 5 30 27 3 10 9 2 5 18 27 3 3 29 5 9 10 29 9 12 18 27 10 10 30 5 16 6 2 9 18 9 15 24 6 18 26 29 30 18 3 12 26 27 12 27 3 18 10 5 18 27 18 29 
0 0 2 0 0 1 0 3 1 0 0 1 2 3 4 4 6 6 1 4 4 5 7 5 6 7 7 7 3 4 7 6 0 0 2 0 0 1 1 0 2 3 3 3 5 1 5 5 4 1 6 7 7 5 2 5 2 2 6 6 0 3 26 10 13 6 21 2 30 27 30 3 9 29 2 5 3 12 27 26 29 5 10 18 5 12 18 27 10 10 30 29 16 6 29 9 18 9 15 24 6 5 18 26 3 10 12 27 18 18 27 3 6 9 3 29 10 18 9 18 
0 0 2 0 0 0 0 3 1 0 0 1 2 3 4 4 6 6 1 4 4 5 7 5 6 7 7 7 3 4 7 6 0 0 2 0 0 1 1 0 1 3 3 3 5 1 5 5 4 1 6 7 7 5 2 5 2 2 6 6 0 3 26 10 13 33 21 2 15 27 30 3 6 29 2 5 3 12 27 26 29 5 10 18 5 12 18 27 10 10 30 29 16 6 29 9 18 6 9 24 30 5 18 26 3 10 12 27 18 18 27 3 6 9 3 29 10 18 9 18 
0 0 0 0 0 1 0 2 5 0 0 1 5 3 3 3 6 6 1 3 4 4 6 4 4 6 7 7 3 4 7 5 0 0 2 0 0 1 2 0 5 2 2 3 5 1 5 6 3 1 6 6 6 4 1 4 2 2 5 5 0 3 30 10 13 6 21 26 3 27 32 3 27 5 18 26 6 10 27 33 2 5 30 26 33 34 3 6 10 10 10 18 16 6 18 9 18 30 6 24 12 29 33 2 30 10 34 3 29 18 12 18 27 18 32 29 3 10 5 9 
0 0 1 0 0 0 0 1 5 0 0 0 5 2 2 2 5 6 2 3 3 3 6 3 4 6 6 6 4 4 6 4 0 0 1 0 0 5 5 0 5 1 1 2 5 1 5 5 2 1 6 6 6 3 2 4 3 3 4 4 0 3 2 10 13 33 21 18 10 27 30 34 18 5 18 26 36 3 10 2 5 18 18 29 5 27 30 34 10 34 36 29 16 6 5 9 18 3 6 24 12 26 29 2 27 10 30 34 29 34 6 10 12 26 34 2 10 34 18 26 
0 0 0 0 0 0 0 1 5 0 0 0 5 2 2 2 5 5 2 2 3 3 6 3 4 6 6 6 4 4 6 4 0 0 1 0 0 4 5 0 5 1 1 1 5 1 5 5 2 1 6 6 6 3 2 3 3 3 4 4 0 3 37 10 13 33 21 5 6 27 30 34 12 2 5 18 34 36 10 29 2 5 12 26 2 18 27 30 10 34 34 29 16 6 2 9 18 27 3 24 10 18 26 29 18 10 27 30 26 34 3 6 10 18 34 29 10 34 5 18 
0 0 1 0 0 0 0 1 5 0 0 0 5 2 2 2 5 5 1 3 3 3 6 3 4 6 6 6 3 4 6 4 0 0 1 0 0 4 4 0 5 1 1 2 5 0 5 5 2 1 5 6 6 3 2 4 2 3 4 4 0 3 2 10 13 33 21 18 3 27 30 34 10 5 18 26 30 34 34 2 5 18 10 29 5 12 18 27 34 10 30 33 16 6 5 9 18 27 36 24 6 26 29 2 12 37 18 27 29 10 36 3 6 26 10 2 34 10 18 29 
0 0 0 0 0 0 0 1 4 0 0 0 5 2 2 2 5 5 1 2 3 3 6 3 4 6 6 6 3 4 6 4 0 0 1 0 0 4 4 0 5 1 1 1 5 0 5 5 2 1 5 5 6 3 2 3 2 3 4 4 0 3 40 10 13 33 21 5 36 27 30 34 6 2 5 18 27 30 34 29 2 5 6 26 5 10 12 18 34 10 27 33 16 6 2 9 18 3 27 24 3 18 26 29 10 37 12 18 26 10 34 36 3 18 10 29 34 10 18 29 
0 0 1 0 0 0 0 1 3 0 0 0 4 2 2 2 5 5 1 3 3 3 5 3 4 5 5 5 3 3 5 4 0 0 1 0 0 1 2 0 4 1 1 2 4 0 4 4 2 0 5 5 5 3 1 4 2 2 4 4 0 3 2 10 13 33 21 18 42 27 30 34 12 5 18 26 3 6 10 2 5 18 27 29 9 30 34 36 10 34 42 33 16 6 5 9 18 42 42 24 3 26 29 2 27 37 36 42 29 40 10 12 18 26 34 5 10 34 18 29 
0 0 1 0 0 0 0 1 2 0 0 0 3 2 2 2 4 5 1 3 3 3 5 4 4 5 5 5 3 3 5 4 0 0 1 0 0 0 2 0 3 1 1 1 4 0 4 4 2 0 5 5 5 3 1 4 2 2 4 4 0 3 2 10 13 33 21 18 27 27 30 34 27 5 18 29 36 3 10 5 18 29 18 5 18 27 30 34 10 34 36 42 16 6 5 9 18 40 3 24 3 26 29 42 3 37 12 27 42 41 6 10 12 42 34 9 10 34 29 33 
0 0 0 0 0 0 0 1 2 0 0 0 3 2 2 2 4 5 1 3 3 3 5 4 4 5 5 5 3 3 5 4 0 0 1 0 0 1 2 0 3 1 1 1 4 0 4 4 2 0 5 5 5 3 1 4 2 2 4 4 0 3 40 10 13 33 21 5 27 27 30 34 27 5 18 29 36 3 10 5 18 29 18 5 18 27 30 34 10 34 36 42 16 6 2 9 18 27 3 24 3 18 29 42 3 37 12 27 42 42 6 10 12 42 34 9 10 34 29 33 
0 0 0 0 0 0 0 1 2 0 0 0 3 2 2 2 4 4 1 3 3 3 5 4 4 5 5 5 3 3 5 4 0 0 0 0 0 1 1 0 2 1 1 1 3 0 4 4 2 0 5 5 5 3 1 4 2 2 4 4 0 3 40 10 13 33 21 5 3 27 30 34 3 5 18 29 27 36 10 5 18 29 12 5 18 18 27 30 10 34 34 42 16 6 45 9 18 3 27 24 27 18 29 42 27 37 3 12 42 42 3 6 10 42 34 9 10 34 29 33 
0 0 0 0 0 0 0 1 2 0 0 0 3 2 2 2 4 4 0 3 3 3 5 4 4 5 5 5 2 3 5 4 0 0 1 0 0 1 1 0 2 1 1 2 3 0 3 4 3 0 4 5 5 3 1 4 1 2 4 4 0 3 40 10 13 33 21 18 3 27 30 34 3 18 29 42 12 27 45 18 29 33 10 5 18 12 18 27 34 10 30 42 16 6 5 9 18 3 27 24 27 29 42 5 27 37 36 3 5 42 36 3 6 42 10 9 34 10 29 33 
0 0 1 0 0 0 0 1 1 0 0 0 2 2 2 3 3 4 0 3 3 3 5 4 4 5 5 5 2 2 5 4 0 0 1 0 0 0 1 0 2 1 2 2 3 0 3 3 3 0 4 4 4 3 0 4 1 1 4 4 0 3 5 10 13 33 21 29 27 27 30 34 27 29 42 5 36 3 45 18 29 33 3 5 18 6 10 12 10 34 18 42 16 6 18 9 18 40 3 24 3 42 5 18 3 37 12 27 9 42 12 27 36 42 48 9 10 34 29 33 
0 0 1 0 0 0 0 1 1 0 0 0 1 2 2 3 3 3 0 3 3 3 4 4 4 4 4 4 2 2 4 4 0 0 1 0 0 0 0 0 1 1 2 2 2 0 2 2 3 0 3 3 3 3 0 4 1 1 4 4 0 3 5 10 13 33 21 29 3 27 30 34 51 29 42 5 3 12 45 18 29 33 3 5 18 12 27 36 10 34 51 42 16 6 18 9 18 40 48 24 27 42 5 18 3 37 27 51 9 42 27 36 51 42 49 9 10 34 29 33 
0 0 1 0 0 0 0 1 1 0 0 0 1 2 2 3 3 3 0 3 3 3 4 4 4 4 4 4 2 2 4 4 0 0 1 0 0 0 0 0 1 1 2 2 2 0 2 2 3 0 3 3 3 3 0 4 1 1 4 4 0 3 5 10 13 33 21 29 3 27 30 34 51 29 42 5 3 12 45 18 29 33 3 5 18 12 27 36 10 34 51 42 16 6 18 9 18 40 48 24 27 42 5 18 3 37 27 51 9 42 27 36 51 42 50 9 10 34 29 33 
0 0 1 0 0 0 0 1 1 0 0 0 2 2 2 3 3 3 0 3 3 3 4 4 4 4 4 4 1 2 4 4 1 0 1 0 0 0 1 0 1 2 2 2 2 0 2 2 3 0 3 3 3 3 0 4 0 1 4 4 0 3 18 10 13 16 21 42 27 27 30 34 3 33 42 5 3 12 45 18 29 33 3 5 18 12 27 36 34 10 51 42 5 6 29 9 18 33 3 24 51 5 18 29 27 37 36 51 9 42 27 36 51 42 48 9 51 10 29 33 
0 0 1 0 0 0 0 1 1 0 0 0 2 2 2 2 3 3 0 3 3 3 4 3 3 4 4 4 1 2 4 4 1 0 1 0 0 0 1 0 1 1 2 2 2 0 2 2 2 0 3 3 3 3 0 3 0 1 4 4 0 3 18 10 13 33 21 42 27 27 30 34 3 29 33 42 3 12 45 5 9 18 3 33 53 12 27 30 34 10 34 18 5 6 29 9 18 54 3 24 51 53 5 18 27 37 36 51 53 42 27 36 51 29 48 42 51 10 5 9 
0 0 1 0 0 0 0 1 1 0 0 0 2 2 2 2 3 3 0 2 3 3 4 3 3 4 4 4 1 1 4 4 1 0 1 0 0 1 1 0 2 1 2 2 2 0 2 2 2 0 3 3 3 3 0 3 0 0 3 4 0 3 18 10 13 33 21 42 51 27 30 34 12 18 29 33 3 12 45 53 5 9 3 29 42 12 18 27 10 34 30 9 5 6 29 9 18 3 27 24 3 53 5 9 27 37 36 51 42 42 27 36 51 18 48 33 51 54 53 5 
0 0 1 0 0 0 0 1 1 0 0 0 2 2 2 2 3 3 0 2 2 2 3 3 3 3 4 4 1 1 4 3 0 0 1 0 0 1 1 0 2 1 1 1 2 0 2 2 2 0 3 3 3 2 0 3 0 0 3 3 0 3 5 10 13 33 21 29 51 27 30 34 12 5 9 18 3 12 45 33 42 53 54 5 18 58 3 6 10 34 10 42 54 6 18 9 18 3 27 24 3 42 53 57 27 37 36 51 29 42 27 36 51 57 48 9 51 56 29 33 
0 0 1 0 0 0 0 1 1 0 0 0 1 2 2 2 2 2 0 2 2 2 3 3 3 3 3 3 0 1 3 3 1 0 1 0 0 0 1 0 1 1 1 1 1 0 2 2 2 0 2 2 3 2 0 3 0 0 3 3 0 3 18 10 13 33 21 33 27 27 30 34 51 5 9 18 27 36 45 33 42 53 12 5 18 27 36 51 58 10 54 42 5 6 29 9 18 57 3 24 36 42 53 57 60 37 3 12 29 42 51 60 3 57 48 9 51 54 29 33 
0 0 1 0 0 0 0 1 1 0 0 0 1 1 2 2 2 2 0 2 2 2 3 2 3 3 3 3 0 0 3 3 1 0 1 0 0 0 1 0 1 1 1 1 1 0 1 2 2 0 2 2 2 2 0 3 0 0 3 3 0 3 9 10 13 33 21 29 12 27 30 34 36 57 5 9 12 27 45 29 33 42 3 57 9 12 27 36 58 61 42 33 5 6 18 9 18 57 3 24 27 33 42 53 51 37 60 3 18 42 36 51 60 53 48 5 51 54 18 29 
0 0 1 0 0 0 0 1 1 0 0 0 1 1 2 2 2 2 0 2 2 2 2 2 3 2 3 3 0 0 3 3 1 0 1 0 0 0 1 0 1 1 1 1 1 0 1 1 2 0 2 2 2 2 0 3 0 0 3 3 0 3 9 10 13 33 21 29 12 27 30 34 36 57 5 9 3 12 45 29 33 42 60 57 9 66 3 12 61 64 27 33 5 6 18 9 18 57 3 24 27 33 42 53 51 37 60 66 18 42 27 36 51 53 51 5 54 58 18 29 
0 0 1 0 0 0 0 1 1 0 0 0 1 1 1 2 2 2 0 2 2 2 3 2 2 3 3 3 0 0 3 3 1 0 1 0 0 0 1 0 1 1 1 1 1 0 1 2 2 0 2 2 2 2 0 2 0 0 3 3 0 3 9 10 13 33 21 29 12 27 30 34 36 57 66 5 12 27 45 18 29 33 3 53 66 12 27 30 61 65 34 18 5 6 18 9 18 57 3 24 27 33 42 53 51 37 60 3 9 42 36 51 60 42 51 57 54 58 5 9 
0 0 1 0 0 0 0 1 1 0 0 0 1 1 1 2 2 2 0 2 2 2 3 2 2 3 3 3 0 0 3 3 1 0 1 0 0 0 1 0 1 1 1 1 1 0 1 2 2 0 2 2 2 2 0 2 0 0 3 3 0 3 9 10 13 33 21 29 12 27 30 34 36 57 66 5 12 27 45 18 29 33 3 53 66 12 27 30 61 66 34 18 5 6 18 9 18 57 3 24 27 33 42 53 51 37 60 3 9 42 36 51 60 42 51 57 54 58 5 9 
0 0 0 0 0 0 0 1 1 0 0 0 1 1 1 1 2 2 0 2 2 2 2 2 2 2 3 3 0 0 3 3 0 0 1 0 0 0 1 0 1 1 1 1 1 0 1 1 1 0 2 2 2 2 0 2 0 0 2 2 0 3 69 10 13 33 21 9 12 27 30 34 36 42 53 57 3 12 51 5 9 18 60 33 53 75 3 10 66 73 12 5 45 6 5 9 18 57 3 24 27 18 29 33 51 37 60 75 66 42 27 36 51 29 54 42 58 61 57 66 
0 0 0 0 0 0 0 1 1 0 0 0 1 1 1 1 2 2 0 2 2 2 2 2 2 2 3 3 0 0 3 3 0 0 1 0 0 0 1 0 1 1 1 1 1 0 1 1 1 0 2 2 2 2 0 2 0 0 2 2 0 3 69 10 13 33 21 9 12 27 30 34 36 42 53 57 3 12 51 5 9 18 60 33 53 75 3 10 66 74 12 5 45 6 5 9 18 57 3 24 27 18 29 33 51 37 60 75 66 42 27 36 51 29 54 42 58 61 57 66 
0 0 0 0 0 0 0 1 1 0 0 0 1 1 1 1 2 2 0 2 2 2 2 2 2 2 3 3 0 0 3 3 0 0 1 0 0 0 1 0 1 1 1 1 1 0 1 1 1 0 2 2 2 2 0 2 0 0 2 2 0 3 69 10 13 33 21 9 12 27 30 34 36 42 53 57 3 12 51 5 9 18 60 33 53 75 3 10 66 75 12 5 45 6 5 9 18 57 3 24 27 18 29 33 51 37 60 75 66 42 27 36 51 29 54 42 58 61 57 66 
0 0 0 0 0 0 0 1 1 0 0 0 1 1 1 1 2 2 0 1 1 2 2 2 2 2 2 2 0 0 3 2 0 0 0 0 0 0 1 0 1 1 1 1 1 0 1 1 1 0 2 2 2 2 0 2 0 0 2 2 0 3 69 10 13 33 21 5 12 27 30 34 36 33 42 53 3 12 51 66 77 5 60 18 33 66 75 78 66 74 3 57 45 6 77 9 18 57 3 24 27 9 18 29 51 37 60 75 57 42 27 36 51 9 54 29 58 61 42 53 
0 0 0 0 0 0 0 1 1 0 0 0 1 1 1 1 2 2 0 1 1 1 2 2 2 2 2 2 0 0 2 2 0 0 0 0 0 0 1 0 1 1 1 1 1 0 1 1 1 0 2 2 2 2 0 2 0 0 2 2 0 3 69 10 13 33 21 5 12 30 34 37 36 33 42 53 3 12 54 66 77 81 58 9 29 60 66 75 74 80 78 53 45 6 77 9 18 57 3 27 27 9 18 29 51 42 60 75 57 51 27 36 51 5 58 18 61 66 33 42 
0 0 0 0 0 0 0 1 1 0 0 0 1 1 1 1 1 1 0 1 1 1 2 2 2 2 2 2 0 0 2 2 0 0 0 0 0 0 0 0 1 1 1 1 1 0 1 1 1 0 2 2 2 2 0 2 0 0 2 2 0 3 45 10 13 33 27 5 3 34 37 42 27 33 42 53 75 84 58 66 77 81 36 9 29 51 58 60 78 82 66 53 21 6 69 9 18 57 81 30 12 9 18 29 36 51 51 60 57 54 3 12 27 5 61 18 66 75 33 42 
0 0 0 0 0 0 0 1 1 0 0 0 1 1 1 1 1 1 0 1 1 1 2 2 2 2 2 2 0 0 2 2 0 0 0 0 0 0 0 0 1 1 1 1 1 0 1 1 1 0 2 2 2 2 0 2 0 0 2 2 3 6 45 13 18 33 30 5 3 37 42 51 27 33 42 53 75 84 61 66 77 81 36 9 29 51 58 60 82 85 66 53 21 10 69 9 27 57 81 34 12 9 18 29 36 54 51 60 57 58 3 12 27 5 66 18 75 78 33 42 
0 0 0 0 0 0 0 0 1 0 0 0 1 1 1 1 1 1 0 1 1 1 2 2 2 2 2 2 0 0 2 2 0 0 0 0 0 0 0 0 1 1 1 1 1 0 1 1 1 0 1 2 2 1 0 2 0 0 2 2 3 6 45 13 18 33 30 89 3 37 42 51 27 29 33 42 75 84 61 57 66 77 27 5 18 36 51 54 82 85 58 42 21 10 69 9 27 57 81 34 12 5 9 18 36 54 51 60 53 58 90 3 12 81 66 9 75 78 29 33 
0 0 0 0 0 0 0 0 1 0 0 0 1 1 1 1 1 1 0 1 1 1 2 1 2 2 2 2 0 0 2 2 0 0 0 0 0 0 0 0 1 1 1 1 1 0 1 1 1 0 2 2 2 1 0 2 0 0 2 2 3 6 45 13 18 33 30 86 3 37 42 51 27 29 33 42 75 84 61 57 66 77 36 90 9 42 51 54 82 89 58 33 21 10 69 9 27 57 81 34 12 5 9 18 36 54 51 60 53 58 3 12 27 81 66 5 75 78 18 29 
0 0 0 0 0 0 0 0 1 0 0 0 1 1 1 1 1 1 0 1 1 1 2 1 2 2 2 2 0 0 2 2 0 0 0 0 0 0 0 0 1 1 1 1 1 0 1 1 1 0 2 2 2 1 0 2 0 0 2 2 3 6 45 13 18 33 30 86 3 37 42 51 27 29 33 42 75 84 61 57 66 77 36 90 9 42 51 54 82 90 58 33 21 10 69 9 27 57 81 34 12 5 9 18 36 54 51 60 53 58 3 12 27 81 66 5 75 78 18 29 
0 0 0 0 0 0 0 0 1 0 0 0 1 1 1 1 1 1 0 1 1 1 2 1 1 2 2 2 0 0 2 2 0 0 0 0 0 0 0 0 1 0 0 1 1 0 1 1 1 0 1 2 2 1 0 1 0 0 2 2 3 6 45 13 18 33 30 86 3 37 42 51 27 9 18 29 75 84 61 42 53 57 27 77 90 30 34 36 82 90 42 18 21 10 69 9 27 57 81 34 12 93 98 5 36 54 51 60 33 58 99 3 12 66 66 81 75 78 5 9 
