0 13 0 2 15 1 17 17 4 17 18 19 19 2 3 5 7 18 8 18 10 21 22 19 21 11 12 14 24 15 24 16 1 13 14 14 15 16 16 3 17 5 6 18 20 20 4 6 7 8 9 9 11 10 12 20 22 23 13 23 0 4 4 0 4 4 0 2 0 4 6 3 5 4 4 4 0 2 0 4 4 3 3 0 0 0 0 0 3 0 0 0 0 6 6 4 6 4 6 0 6 0 0 0 3 5 4 4 4 4 0 4 4 0 4 0 0 0 0 3 
0 13 4 1 15 5 15 16 2 16 20 21 21 6 7 9 3 17 4 17 13 23 23 17 18 7 8 10 24 11 20 12 0 4 5 14 6 15 7 1 19 2 3 16 22 22 8 10 11 12 5 13 14 6 14 18 18 19 9 24 0 6 5 0 0 5 6 0 0 2 3 0 3 5 5 5 4 0 0 2 3 0 3 6 2 0 0 0 3 0 0 0 4 4 4 6 4 2 4 4 3 4 0 6 0 3 5 5 5 5 0 0 0 0 3 0 6 0 0 0 
0 0 4 1 2 5 4 5 2 6 19 19 20 6 7 9 3 8 4 9 13 21 22 10 12 7 8 10 23 11 17 12 0 15 16 1 17 3 18 1 18 2 3 7 20 21 8 10 11 12 5 13 14 6 14 11 15 16 9 22 0 8 5 0 8 5 8 8 0 8 0 3 0 5 5 5 4 8 0 8 3 3 0 8 8 0 0 0 0 0 0 0 4 3 3 8 3 8 0 4 3 4 0 8 3 0 5 5 5 5 0 0 0 0 3 8 0 0 0 3 
0 0 4 1 2 4 10 11 2 11 18 18 19 5 5 6 3 12 4 12 9 20 21 12 14 7 8 10 22 11 17 12 0 13 14 1 15 3 16 1 17 2 3 11 19 20 6 7 7 8 5 8 9 6 10 13 15 16 9 21 0 4 5 0 4 8 9 4 0 6 0 3 0 5 8 8 7 4 0 6 5 3 0 9 0 0 0 0 0 0 0 0 7 3 3 4 3 4 3 7 3 7 0 9 3 0 5 5 8 5 0 8 8 0 5 0 0 0 0 3 
0 0 4 1 1 4 2 2 2 3 14 15 15 5 5 6 3 4 4 5 9 17 17 6 11 7 8 10 18 11 12 12 0 7 8 0 13 1 13 1 14 2 3 3 16 16 6 7 7 8 5 8 9 6 10 10 11 12 9 18 0 4 5 0 4 8 4 11 0 4 3 0 3 5 8 8 7 11 0 11 5 0 3 11 6 0 0 0 3 0 9 0 7 12 12 11 0 11 3 7 0 7 0 11 0 3 5 5 8 5 0 8 8 0 5 9 9 6 0 0 
0 0 4 1 2 4 4 5 2 6 14 15 15 5 5 6 3 8 4 9 9 17 17 10 11 7 8 10 18 11 12 12 0 0 12 1 13 3 13 1 14 2 3 7 16 16 6 7 7 8 5 8 9 6 10 10 11 11 9 18 0 12 5 0 12 8 12 12 0 12 3 0 3 5 8 8 7 12 0 12 5 0 3 9 6 0 0 0 3 0 9 0 7 5 7 12 0 12 3 7 0 7 0 12 0 3 5 5 8 5 0 8 8 0 5 12 9 12 0 0 
0 3 2 0 4 2 5 5 1 6 13 13 14 2 3 5 3 7 4 7 10 15 15 8 9 7 8 10 16 11 12 12 0 9 10 3 11 4 12 1 13 1 2 6 14 14 4 6 7 8 5 9 11 6 12 8 10 11 9 15 0 6 5 11 6 8 6 9 7 6 3 14 0 12 12 12 0 6 0 9 12 0 3 6 9 0 0 0 0 0 9 0 7 7 7 9 7 9 7 0 0 11 0 9 3 14 12 12 12 12 0 12 12 0 12 9 9 9 0 14 
0 0 4 1 2 4 4 5 2 6 5 6 7 5 5 6 3 11 4 12 9 9 10 13 15 7 8 10 12 11 18 12 0 0 1 1 2 3 3 1 4 2 3 7 8 8 6 7 7 8 5 8 9 6 10 14 16 17 9 11 0 9 0 0 9 3 9 9 0 9 7 7 7 0 3 3 12 0 12 0 0 7 3 14 14 12 12 12 3 12 14 12 12 7 7 9 7 9 7 12 7 12 0 9 7 10 0 0 3 0 12 3 3 12 0 14 14 14 12 3 
0 0 4 1 2 4 4 5 2 6 5 6 7 5 5 6 3 11 4 12 9 9 10 13 15 7 8 10 12 11 18 12 0 0 1 1 2 3 3 1 4 2 3 7 8 8 6 7 7 8 5 8 9 6 10 14 16 17 9 11 0 9 0 0 9 3 9 9 0 9 7 7 7 0 3 3 13 0 13 0 0 7 3 14 14 13 13 13 3 13 14 13 13 7 7 9 7 9 7 13 7 13 0 9 7 10 0 0 3 0 13 3 3 13 0 14 14 14 13 3 
0 0 4 1 2 4 4 5 2 6 5 6 7 5 5 6 3 11 4 12 9 9 10 13 15 7 8 10 12 11 18 12 0 0 1 1 2 3 3 1 4 2 3 7 8 8 6 7 7 8 5 8 9 6 10 14 16 17 9 11 0 9 0 0 9 3 9 9 0 9 7 7 7 0 3 3 14 0 14 0 0 7 3 14 14 14 14 14 3 14 14 14 14 7 7 9 7 9 7 14 7 14 0 9 7 10 0 0 3 0 14 3 3 14 0 14 14 14 14 3 
0 0 4 1 1 4 2 2 2 3 7 8 9 5 5 6 3 11 4 12 9 11 11 13 15 7 8 10 12 11 18 12 0 0 1 0 4 1 5 1 6 2 3 3 10 10 6 7 7 8 5 8 9 6 10 14 16 17 9 12 0 9 0 0 9 3 9 18 0 9 19 19 19 0 3 3 14 0 14 0 0 3 19 14 14 14 14 14 19 14 14 14 14 7 7 18 19 18 19 14 19 14 0 18 3 19 0 0 3 0 14 3 3 14 0 14 14 14 14 3 
0 4 0 1 6 1 8 9 2 10 4 5 6 2 3 5 3 12 4 13 10 9 10 13 14 7 8 10 12 11 16 12 0 0 0 5 1 7 1 1 2 2 3 11 7 8 4 6 7 8 5 9 11 6 12 14 15 15 9 11 0 0 18 0 0 18 0 0 0 0 3 3 3 18 18 18 14 0 14 14 18 3 3 19 19 14 14 14 3 14 14 14 14 7 10 0 7 0 10 14 7 14 0 0 3 3 18 18 18 18 14 18 18 14 18 14 14 19 14 3 
0 3 2 0 5 2 7 8 1 9 4 5 6 2 3 5 3 11 4 12 10 9 10 13 14 7 8 10 12 11 15 12 0 0 0 4 1 6 1 1 3 1 2 10 7 8 4 6 7 8 5 9 11 6 12 13 14 15 9 11 0 0 0 18 0 3 0 0 14 0 3 3 3 19 19 19 14 0 14 0 19 3 3 14 14 14 14 14 3 14 19 14 14 7 10 0 7 0 10 0 3 18 14 0 3 3 19 19 19 19 14 19 19 14 19 19 19 14 14 3 
0 2 0 1 4 0 6 7 2 8 5 6 6 1 1 5 3 10 4 11 10 8 8 12 13 7 8 10 9 11 15 12 0 2 3 3 4 5 4 1 5 2 3 9 7 7 4 6 7 8 5 9 11 6 12 13 14 14 9 9 14 0 0 14 0 3 0 0 14 0 22 3 22 0 3 19 19 0 14 0 19 3 22 0 19 14 14 14 22 14 14 14 19 3 3 0 3 0 22 19 3 19 14 0 3 22 19 19 19 19 14 19 19 14 19 14 14 19 14 3 
0 2 0 1 4 0 5 5 2 6 3 4 5 1 1 5 3 7 4 7 10 8 9 8 9 7 8 10 10 11 12 12 0 0 1 3 2 4 2 1 3 2 3 6 6 7 4 6 7 8 5 9 11 6 12 8 10 11 9 9 14 0 0 14 0 3 0 22 14 0 23 3 3 0 3 19 19 0 14 22 19 3 0 0 22 14 14 14 0 14 22 14 19 23 23 0 3 22 23 19 3 19 14 22 3 3 19 19 19 19 14 19 19 14 19 22 22 22 14 3 
0 0 4 1 1 4 2 2 2 3 5 6 7 5 5 6 3 4 4 5 10 8 9 6 9 7 8 10 10 11 12 12 0 0 1 0 2 1 3 1 4 2 3 3 7 8 6 7 7 8 5 9 11 6 12 8 10 11 9 9 14 0 19 14 0 22 0 23 14 0 3 3 0 19 22 22 19 0 14 0 22 3 0 0 19 14 14 14 0 14 19 14 19 3 3 23 3 23 3 19 3 19 14 23 3 0 19 19 22 22 14 22 22 14 22 19 19 19 14 3 
0 2 0 1 3 0 4 4 2 5 1 2 2 1 1 5 3 6 4 6 10 3 3 7 8 7 8 10 4 11 9 12 0 0 0 2 0 3 1 1 1 2 3 5 2 3 4 6 7 8 5 9 11 6 12 7 8 9 9 4 14 23 23 14 23 37 19 38 14 19 27 0 3 23 37 22 19 19 14 38 22 3 27 19 19 14 14 14 3 14 38 14 19 0 3 38 27 38 0 19 3 19 14 38 27 0 22 22 22 22 14 22 22 14 22 38 38 19 14 0 
0 0 0 1 2 1 4 4 2 5 1 2 2 2 3 5 3 6 4 6 10 3 3 7 8 7 8 10 4 11 9 12 0 0 0 1 0 3 1 1 1 2 3 5 2 3 4 6 7 8 5 9 11 6 12 7 8 9 9 4 14 23 38 14 23 38 19 38 14 19 27 0 3 38 38 22 19 19 14 38 22 3 27 19 19 14 14 14 3 14 38 14 19 0 3 23 27 23 0 19 3 19 14 38 27 0 22 22 22 22 14 22 22 14 22 38 38 19 14 0 
0 0 0 1 2 1 4 5 2 6 1 2 2 2 3 5 3 8 4 8 10 3 3 9 9 5 6 7 4 7 10 8 0 0 0 1 0 3 1 1 1 2 3 7 2 3 4 6 7 8 4 9 11 5 12 9 10 10 6 4 14 19 22 14 19 22 19 19 14 19 27 0 3 22 22 22 38 19 14 38 22 3 27 14 38 38 14 14 3 38 38 14 38 0 3 19 27 19 0 38 3 38 14 19 27 0 22 22 22 22 38 22 22 14 22 19 14 19 38 0 
