2 4 5 0 1 1 6 3 4 5 4 3 5 6 2 6 3 4 5 0 0 2 1 6 2 1 6 2 0 10 0 2 10 3 6 10 5 10 4 0 11 1 1 4 10 5 10 5 8 5 
0 4 3 0 2 1 4 3 4 5 4 3 5 6 2 6 1 2 4 2 0 3 1 5 2 10 5 0 0 11 0 12 11 2 4 9 5 8 4 10 8 10 0 0 2 5 2 5 2 5 
2 4 3 0 2 0 4 3 3 5 3 1 4 6 4 6 3 2 4 2 0 2 1 5 1 5 5 0 0 9 10 12 2 9 4 12 10 9 4 4 8 5 0 2 2 5 12 0 8 5 
2 4 3 0 2 0 4 3 3 5 3 1 4 6 0 6 3 2 4 2 0 2 1 5 1 6 4 1 0 10 11 8 3 10 5 13 11 13 5 10 14 6 1 2 3 5 13 0 14 5 
2 4 1 0 2 0 3 3 3 5 3 1 4 6 4 6 3 0 2 2 0 2 1 5 1 5 5 10 0 9 12 12 2 9 5 14 12 14 5 9 15 5 10 12 2 5 14 0 15 5 
2 3 2 0 1 0 3 5 5 3 6 1 6 4 4 6 2 2 2 0 0 4 1 5 1 4 4 8 0 10 13 8 5 15 14 5 13 15 5 9 8 14 2 12 10 5 15 0 8 5 
0 2 2 0 4 0 4 5 5 2 6 1 6 3 3 6 1 2 3 3 0 4 1 5 1 10 4 8 0 5 14 8 5 15 15 5 14 15 4 18 8 10 2 8 15 5 15 0 8 5 
1 2 4 0 4 0 5 5 5 2 6 1 6 3 1 6 1 3 4 3 0 4 0 5 1 1 5 8 0 5 10 8 5 15 15 5 15 15 5 0 8 11 18 18 15 5 15 15 18 5 
1 2 1 0 3 0 4 4 5 2 5 1 6 3 1 5 1 0 4 3 0 4 0 5 1 1 5 20 0 17 10 18 15 5 15 15 15 5 5 0 18 11 20 8 14 5 5 15 8 5 
1 2 4 0 1 0 5 3 4 2 4 1 5 3 1 6 1 4 5 0 0 3 0 5 1 1 5 18 0 20 10 15 17 5 15 15 15 5 5 0 5 11 8 8 20 5 14 15 17 5 
0 1 4 0 2 0 5 3 3 1 4 1 4 2 1 5 1 3 4 2 0 3 0 5 1 20 11 8 0 17 10 5 7 15 20 5 15 15 5 0 15 1 18 18 14 5 4 15 7 5 
0 1 4 0 2 0 5 3 3 1 4 1 4 2 0 5 1 3 4 2 0 3 0 5 1 21 11 8 0 17 10 5 7 15 21 5 15 15 5 20 15 1 18 18 14 5 4 15 7 5 
0 1 4 0 2 0 5 3 3 1 4 1 4 2 0 5 0 3 4 2 0 3 1 5 1 1 1 8 5 17 21 5 7 15 11 5 21 15 5 0 15 11 18 18 14 15 4 5 7 15 
0 1 1 0 2 0 3 3 3 1 4 1 4 2 0 4 0 0 2 2 0 3 1 3 1 1 1 20 5 24 22 8 15 24 11 5 22 15 5 0 8 11 20 18 15 15 5 5 18 15 
0 1 3 0 1 0 4 2 3 1 3 1 3 2 0 4 0 2 3 0 0 2 1 4 1 1 1 8 5 20 23 5 25 5 11 15 23 25 5 0 15 11 18 18 20 15 15 5 7 15 
0 0 2 0 2 0 3 2 3 1 3 1 3 1 0 4 0 2 3 1 0 2 1 4 1 1 20 18 5 5 24 18 25 5 1 15 24 25 11 0 7 11 8 8 21 15 15 5 5 15 
0 0 2 0 2 0 2 2 3 1 3 1 3 1 0 3 0 1 2 1 0 2 1 3 1 1 21 8 5 5 25 28 25 5 1 15 25 25 11 0 18 11 20 18 22 15 15 5 8 15 
0 0 2 0 1 0 2 2 2 1 2 1 3 1 0 3 0 1 2 0 0 1 1 3 1 1 21 8 5 22 25 28 5 15 1 25 25 5 11 0 15 11 20 18 30 15 30 5 8 15 
0 0 2 0 1 0 2 2 2 1 2 1 3 1 0 3 0 1 2 0 0 1 1 3 1 1 21 8 5 22 25 28 5 15 1 25 25 5 11 0 15 11 20 18 31 15 31 5 8 15 
0 0 1 0 1 0 2 2 2 0 2 1 3 1 0 2 0 1 1 1 0 1 1 2 1 1 21 20 5 22 25 8 5 15 31 25 25 5 1 0 28 11 10 30 12 15 32 5 18 15 
0 0 1 0 1 0 1 2 2 0 2 1 3 1 0 2 0 0 1 1 0 1 1 1 1 1 21 0 5 12 25 20 5 15 32 25 25 5 32 0 8 11 30 10 2 15 22 5 30 15 
0 0 1 0 1 0 2 1 1 0 2 1 2 1 0 2 0 1 1 0 0 1 1 2 1 1 21 10 5 2 25 8 22 30 33 5 25 15 33 0 25 11 0 20 30 15 12 5 18 15 
0 0 1 0 1 0 2 1 1 0 2 1 2 1 0 2 0 1 1 0 0 1 1 2 1 1 21 10 5 2 25 8 22 31 34 5 25 15 34 0 25 11 0 20 31 15 12 5 18 15 
0 0 1 0 1 0 1 1 1 0 2 1 2 1 0 2 0 0 1 0 0 1 1 1 1 1 21 0 5 2 25 20 22 32 35 5 25 15 35 0 8 11 30 10 32 15 12 5 30 15 
0 1 0 0 0 0 1 1 1 1 2 1 2 1 1 1 0 0 1 0 0 1 0 1 1 1 25 30 5 32 25 10 12 22 29 5 15 15 35 39 33 11 20 0 22 15 2 35 20 5 
0 1 0 0 0 0 1 0 1 1 1 1 1 1 0 1 1 0 0 0 0 0 0 1 1 1 29 20 5 22 25 0 40 2 35 12 15 22 39 0 33 25 10 30 12 15 32 35 10 5 
0 1 0 0 0 0 1 0 1 1 1 1 1 1 1 1 1 0 0 0 0 0 0 1 1 1 29 20 5 22 25 0 41 2 35 12 15 22 39 43 33 25 10 30 12 15 32 35 10 5 
0 1 0 0 0 0 0 0 1 1 1 1 1 1 0 1 1 0 0 0 0 0 0 1 1 1 29 20 5 22 25 40 42 2 35 12 15 22 39 0 43 25 10 30 12 15 32 35 33 5 
0 1 0 0 0 0 0 0 1 1 1 1 1 1 1 1 1 0 0 0 0 0 0 1 1 42 29 10 5 12 25 30 32 2 35 12 15 39 42 24 33 25 0 20 2 15 22 35 22 5 
0 1 0 0 0 0 0 0 1 1 1 1 1 1 1 1 1 0 0 0 0 0 0 1 1 43 29 10 5 12 25 41 32 2 35 12 15 39 43 24 33 25 0 20 2 15 22 35 22 5 
0 1 0 0 0 0 1 0 1 1 1 1 1 1 1 1 1 0 0 0 0 0 0 1 1 44 29 10 5 12 25 22 32 2 35 12 15 39 44 24 42 25 0 42 2 15 22 35 33 5 
0 1 0 0 0 0 1 0 0 1 1 1 1 1 1 1 1 0 1 0 0 0 0 1 1 45 28 10 5 12 25 22 32 42 34 2 15 38 45 14 42 24 0 12 2 15 22 35 32 5 
1 1 1 0 0 0 1 0 0 1 1 1 1 1 1 1 1 0 1 0 0 0 0 1 0 14 24 2 5 12 25 22 32 42 34 28 5 38 45 49 42 18 0 12 2 15 22 35 32 45 
