2 1 1 0 0 0 2 1 2 2 2 1 1 2 1 2 0 0 2 2 2 0 0 1 1 2 0 10 5 11 20 18 5 0 22 28 11 20 5 24 25 10 0 9 12 15 15 24 15 1 
2 0 1 0 0 0 2 1 2 2 1 1 1 2 1 2 0 0 2 2 2 0 0 1 1 2 20 0 5 11 21 18 5 22 28 10 11 21 5 25 25 10 0 9 12 15 15 25 15 1 
2 0 0 0 0 0 2 1 2 2 1 1 1 2 1 2 0 0 2 2 2 0 0 1 1 2 20 30 5 11 21 24 5 12 22 0 11 21 5 25 27 10 0 9 14 17 15 25 15 1 
2 0 1 0 0 0 2 1 0 1 1 1 1 2 1 2 0 0 2 2 2 0 0 1 1 2 20 0 5 11 21 24 5 30 30 10 11 21 5 25 27 10 0 9 14 17 15 25 15 1 
0 0 1 0 0 0 2 1 2 2 1 1 1 2 1 2 0 0 1 2 2 0 0 1 1 30 20 0 5 11 21 24 5 2 8 10 11 21 4 25 27 10 0 30 14 17 15 25 15 1 
1 0 1 0 0 0 2 1 2 2 1 1 1 1 1 2 0 0 2 2 2 0 0 1 0 31 20 0 5 11 21 17 5 2 28 10 1 11 21 25 25 10 0 4 7 14 15 25 15 30 
1 0 0 0 0 0 2 1 1 2 1 1 1 1 1 2 0 0 2 2 2 0 0 1 0 32 20 30 5 11 21 17 5 30 28 0 1 11 21 25 25 10 0 4 7 14 15 25 15 31 
1 0 0 0 0 0 2 1 1 1 0 1 1 1 1 2 0 0 2 2 2 0 0 1 0 22 10 20 15 1 11 17 5 20 30 30 1 11 32 25 25 0 5 4 7 14 25 31 15 21 
1 0 0 0 0 0 2 1 0 1 1 1 1 1 1 2 0 0 1 2 2 0 0 1 0 22 10 20 15 1 11 25 5 30 20 0 1 11 33 25 34 0 5 30 5 15 25 32 15 21 
0 0 0 0 0 0 2 1 1 2 1 1 1 1 1 2 0 0 1 1 2 0 0 1 0 30 10 20 15 1 11 15 5 20 8 0 1 11 34 25 25 0 5 22 31 5 25 33 15 21 
0 0 0 0 0 0 2 1 1 1 0 1 1 1 1 2 0 0 1 1 2 0 0 1 0 31 10 20 15 1 11 15 5 20 30 30 1 11 35 25 25 0 5 22 32 5 25 34 15 21 
1 0 0 0 0 0 2 1 1 1 1 0 1 1 1 2 0 0 1 1 2 0 0 1 0 12 10 20 15 1 11 15 5 10 20 39 31 1 35 25 25 0 5 22 32 5 25 35 15 21 
1 0 0 0 0 0 2 1 0 1 0 0 1 1 1 2 0 0 1 1 1 0 0 1 0 12 10 20 15 1 11 5 5 40 10 30 31 1 35 25 15 0 5 22 32 39 25 35 15 21 
0 0 0 0 0 0 1 1 1 1 0 0 1 1 1 2 0 0 1 1 1 0 0 1 0 40 10 20 15 1 11 32 5 0 10 30 31 35 39 25 5 0 5 2 12 22 25 35 15 21 
0 0 0 0 0 0 1 1 1 1 1 0 1 1 1 2 0 0 1 1 1 0 0 1 0 41 10 20 15 1 11 32 5 0 10 43 31 35 39 25 5 0 5 2 12 22 25 35 15 21 
0 0 0 0 0 0 1 1 0 1 0 0 1 1 1 2 0 0 1 1 1 0 0 1 0 42 10 20 15 1 11 32 5 40 43 30 31 35 39 25 5 0 5 2 12 22 25 35 15 21 
0 0 0 0 0 0 1 1 0 0 1 0 1 1 1 1 0 0 1 1 1 0 0 1 0 32 10 20 15 1 11 32 5 30 40 0 42 35 42 25 39 0 5 2 12 22 25 35 15 21 
0 0 0 0 0 0 1 1 0 0 0 1 1 1 1 1 0 0 0 1 1 0 0 1 0 22 10 30 15 1 11 22 5 20 41 31 35 39 43 25 32 0 5 32 2 12 25 35 15 43 
0 0 0 0 0 0 1 1 0 0 1 1 1 1 1 1 0 0 0 1 1 0 0 1 0 22 10 30 15 1 11 22 5 20 42 43 35 39 44 25 32 0 5 32 2 12 25 35 15 44 
0 0 0 0 0 0 1 1 1 1 1 1 1 1 1 1 0 0 0 0 1 0 0 1 0 22 10 20 15 1 11 12 5 32 43 34 35 39 45 25 22 0 5 32 42 2 25 35 15 45 
0 1 1 0 0 1 1 0 1 1 1 1 1 1 1 1 1 0 0 0 0 0 0 1 1 12 24 33 15 1 25 2 45 12 22 34 35 39 43 15 47 14 5 22 32 42 25 35 5 29 
0 1 1 0 1 1 0 0 1 1 1 1 1 1 1 1 0 0 0 0 0 0 0 1 1 2 14 24 15 25 29 42 45 12 22 33 38 42 46 15 2 52 5 12 22 32 25 35 5 34 
0 1 1 0 1 1 0 0 0 1 1 1 1 1 1 1 1 0 0 0 0 0 0 1 1 2 22 23 15 25 29 42 45 52 12 24 37 42 46 15 2 14 5 12 22 32 25 35 5 33 
0 1 1 0 1 1 0 0 1 1 1 1 1 1 1 0 1 0 0 0 0 0 0 1 1 2 14 22 15 24 28 42 45 2 12 23 36 42 46 15 52 4 5 12 22 32 25 35 5 32 
0 1 1 0 0 1 1 0 0 1 1 1 1 1 1 1 0 0 0 0 0 0 0 1 1 2 4 12 15 52 22 37 45 42 2 13 33 43 52 15 47 44 5 12 22 32 25 35 5 26 
0 0 1 0 0 1 1 0 0 1 1 1 1 1 1 1 0 0 0 0 0 0 0 1 1 2 52 4 15 53 22 37 45 42 2 12 33 43 53 15 47 44 5 12 22 32 25 35 5 26 
0 1 1 0 0 1 1 0 0 0 1 1 1 1 1 1 0 0 0 0 0 0 0 1 1 2 2 3 15 54 22 37 45 42 52 4 33 43 54 15 47 44 5 12 22 32 25 35 5 26 
0 0 1 0 0 1 1 0 0 0 1 1 1 1 1 1 0 0 0 0 0 0 0 1 1 2 54 2 15 55 22 37 45 42 52 3 33 43 55 15 47 44 5 12 22 32 25 35 5 26 
0 0 0 0 1 1 1 0 0 0 0 1 1 1 1 1 0 0 0 1 1 0 0 0 1 2 34 42 15 12 16 47 45 22 32 43 33 43 53 5 57 24 5 12 27 37 25 35 55 23 
1 0 0 0 0 1 1 0 0 0 0 1 1 1 1 1 0 0 1 1 1 0 0 0 1 17 14 22 15 62 13 57 45 2 12 23 33 43 53 5 63 4 5 27 37 47 25 35 55 23 
1 0 0 0 0 1 1 0 0 0 0 1 1 1 1 1 0 0 1 1 1 0 0 0 1 17 14 22 15 63 13 57 45 2 12 23 33 43 53 5 64 4 5 27 37 47 25 35 55 23 
1 0 0 0 0 1 1 0 0 0 0 1 1 1 1 1 0 0 1 1 1 0 0 0 1 17 14 22 15 64 13 57 45 2 12 23 33 43 53 5 65 4 5 27 37 47 25 35 55 23 
1 0 0 0 0 1 1 0 0 0 1 1 1 1 1 1 0 0 1 1 1 0 0 0 1 17 14 22 15 65 13 57 45 2 12 68 33 43 53 5 65 4 5 27 37 47 25 35 55 23 
1 0 0 0 1 1 1 0 1 1 0 1 1 1 0 1 0 0 1 1 1 0 0 0 1 7 3 4 15 3 13 64 45 48 58 12 33 44 54 65 67 2 5 17 27 37 25 35 55 23 
0 0 1 0 1 1 1 0 1 1 1 1 1 1 0 1 0 0 1 1 1 0 0 0 1 73 3 49 15 3 13 67 45 28 38 59 34 45 55 65 73 2 5 7 17 64 25 35 55 24 
0 0 1 0 1 1 1 0 1 1 1 1 1 1 0 1 0 0 1 1 1 0 0 0 1 74 3 49 15 3 13 67 45 28 38 59 34 45 55 65 74 2 5 7 17 64 25 35 55 24 
0 0 1 0 1 1 1 0 1 1 1 1 1 1 0 1 0 0 1 1 1 0 0 0 1 75 3 49 15 3 13 67 45 28 38 59 34 45 55 65 75 2 5 7 17 64 25 35 55 24 
1 1 1 0 0 1 1 0 1 1 1 1 1 1 0 1 0 0 1 1 1 0 0 0 1 7 39 49 15 75 3 67 45 18 28 78 24 35 45 65 75 2 5 54 57 64 25 35 55 14 
1 1 1 0 0 1 1 0 1 1 1 1 1 1 0 1 0 0 1 1 1 0 0 0 1 7 29 39 15 75 3 67 45 18 78 49 25 35 45 65 75 79 5 54 57 64 25 35 55 14 
