4 0 0 3 1 1 4 1 2 4 5 6 5 2 3 6 2 2 5 0 9 10 0 1 0 5 1 10 5 5 9 7 5 10 5 3 1 0 2 5 
0 3 0 3 1 1 4 4 2 4 2 4 5 5 3 6 2 6 1 0 10 11 0 1 0 5 5 0 5 9 10 2 4 8 5 5 1 9 10 5 
2 3 0 1 1 1 2 3 2 4 4 4 5 4 3 6 0 5 3 0 11 0 0 10 0 5 1 12 5 5 2 9 5 12 5 5 10 9 2 5 
2 2 0 2 0 1 3 3 1 4 3 4 5 4 2 6 1 1 3 0 12 10 0 1 10 0 5 12 5 4 9 8 5 2 5 5 11 10 2 5 
2 2 0 2 0 1 3 2 1 4 3 4 5 4 2 6 1 0 3 0 2 0 0 12 11 5 3 10 11 4 13 13 5 8 5 5 1 10 7 5 
2 0 0 2 0 1 3 1 1 4 3 4 5 5 2 6 1 1 2 0 2 10 0 13 12 5 5 10 12 5 14 14 5 15 5 5 1 0 10 5 
0 2 0 2 0 1 3 5 1 3 2 5 4 5 2 4 1 1 1 0 10 12 0 14 13 5 5 8 13 14 2 5 5 15 5 14 1 0 10 5 
2 2 0 0 1 1 1 5 2 1 4 4 3 5 2 3 0 0 4 0 2 12 5 10 5 14 1 5 5 10 7 15 5 7 14 15 1 0 4 14 
2 4 0 0 1 1 1 4 2 1 4 4 3 5 2 3 0 0 2 0 2 8 5 11 5 15 1 18 5 11 5 15 5 5 15 15 1 0 12 15 
2 0 0 0 1 1 1 1 2 1 4 4 3 4 2 3 0 0 2 0 2 20 5 11 5 15 1 20 5 11 5 15 5 8 15 15 1 0 12 15 
0 2 0 0 1 1 1 4 2 1 4 4 3 4 2 3 0 0 1 0 20 2 5 11 5 15 1 8 5 11 5 15 5 18 15 15 1 0 20 15 
3 3 0 0 1 1 0 3 2 1 4 4 1 4 2 1 0 0 3 0 5 8 5 11 5 15 20 18 5 1 5 15 11 8 15 20 1 0 15 15 
3 3 0 0 1 1 0 3 2 1 4 4 1 4 2 1 0 0 3 0 5 8 5 11 5 15 21 18 5 1 5 15 11 8 15 21 1 0 15 15 
3 0 0 0 1 1 0 1 2 1 4 4 1 3 2 1 0 2 3 0 5 20 5 11 5 15 22 20 5 1 5 15 11 8 15 22 1 25 15 15 
2 0 0 0 0 1 1 1 1 1 3 4 2 3 1 2 0 2 3 0 24 20 5 11 22 5 1 20 15 11 15 5 5 8 22 15 1 9 5 15 
0 3 0 0 0 1 1 3 1 1 2 3 2 3 1 2 0 2 1 0 20 8 5 11 23 5 1 15 15 11 25 5 5 17 23 15 1 9 20 15 
0 1 0 0 0 1 1 3 1 2 1 3 2 3 1 2 0 2 1 0 21 10 5 11 24 5 1 8 15 5 21 5 15 15 24 25 1 9 12 15 
1 1 0 0 0 1 0 1 1 2 1 3 2 1 1 2 0 2 1 0 2 0 5 11 25 5 21 10 15 5 22 5 15 20 25 25 1 9 12 15 
0 1 0 0 0 1 0 1 1 2 1 1 2 1 1 2 0 2 1 0 30 0 5 11 25 5 21 10 15 5 12 22 15 31 25 25 1 9 2 15 
0 1 0 0 0 1 0 1 1 2 1 1 2 1 1 2 0 2 1 0 31 0 5 11 25 5 21 10 15 5 12 22 15 32 25 25 1 9 2 15 
0 0 0 0 0 1 0 1 1 2 1 1 2 1 1 2 0 2 1 0 32 30 5 11 25 5 21 0 15 5 12 22 15 32 25 25 1 9 2 15 
0 0 0 0 0 1 1 0 1 2 1 1 2 1 1 2 0 2 0 0 12 10 5 32 25 5 32 20 15 5 2 12 15 22 25 25 1 9 22 15 
0 0 0 0 0 1 1 1 1 2 1 1 2 2 1 2 0 2 0 0 12 31 5 33 25 5 33 22 15 5 2 12 15 35 25 25 1 9 22 15 
0 0 0 0 0 1 1 1 1 2 1 2 2 1 1 2 0 2 0 0 12 32 5 34 25 5 34 12 15 5 2 35 15 22 25 25 1 9 22 15 
0 1 0 1 0 1 2 1 1 2 0 0 2 1 1 2 0 2 0 0 2 2 5 35 25 5 5 12 15 15 22 32 25 22 25 35 35 9 12 15 
0 0 0 1 0 0 2 0 1 2 1 1 2 1 1 2 1 2 0 0 2 22 5 33 25 35 5 32 5 15 27 37 25 2 15 35 23 9 12 15 
0 0 0 1 0 0 2 0 1 2 1 1 2 0 1 2 1 2 1 0 43 2 5 33 25 35 5 12 5 15 37 43 25 22 15 35 23 9 27 15 
1 2 0 1 0 0 1 2 1 1 2 2 2 2 1 2 0 2 1 0 27 28 5 23 25 35 33 38 5 43 25 35 5 45 15 15 43 9 37 15 
1 1 0 1 0 0 1 2 1 1 2 2 2 2 1 2 0 2 2 0 27 38 5 23 25 35 34 28 5 44 35 45 5 38 15 15 44 9 25 15 
1 1 0 1 0 0 1 2 1 1 2 2 2 2 1 2 0 2 2 0 27 38 5 23 25 35 34 28 5 45 35 45 5 38 15 15 45 9 25 15 
1 1 0 1 0 0 1 1 0 1 2 2 2 2 1 2 1 1 2 0 17 28 5 24 25 35 34 38 45 45 35 45 5 28 5 15 13 49 25 15 
0 1 0 1 0 0 1 1 0 1 2 2 2 1 1 2 1 1 1 0 53 18 5 24 25 35 34 28 45 45 25 35 5 38 5 15 14 49 53 15 
2 1 0 1 0 0 1 1 0 1 2 2 1 1 1 1 0 1 2 0 5 18 5 14 25 35 24 28 45 34 25 35 45 38 5 53 53 49 15 15 
2 1 0 1 0 0 1 1 0 1 2 2 1 1 1 1 0 1 2 0 5 18 5 14 25 35 24 28 45 34 25 35 45 38 5 54 54 49 15 15 
2 1 0 1 0 0 1 1 0 1 2 2 1 1 1 1 0 1 2 0 5 18 5 14 25 35 24 28 45 34 25 35 45 38 5 55 55 49 15 15 
0 1 0 1 0 0 1 1 0 1 2 2 1 1 0 1 1 1 1 0 64 8 5 14 25 35 24 18 45 35 5 15 45 28 55 55 4 39 64 15 
0 1 0 1 0 0 1 1 0 1 2 2 1 1 0 1 1 1 1 0 65 8 5 14 25 35 24 18 45 35 5 15 45 28 55 55 4 39 65 15 
1 1 0 1 0 0 1 1 0 1 1 2 1 1 0 1 0 1 1 0 54 8 5 4 25 35 14 18 45 24 65 5 35 28 55 45 65 39 57 15 
1 0 0 1 0 0 1 1 0 1 1 1 1 1 0 1 0 1 1 0 54 68 5 4 25 35 14 8 45 25 64 67 35 18 55 45 64 29 57 15 
0 0 0 1 0 0 1 1 0 1 1 1 1 1 0 1 0 1 1 0 74 68 5 5 25 35 15 58 45 25 65 74 35 68 55 45 64 9 55 15 
0 0 0 1 0 0 1 1 0 1 1 1 1 1 0 1 0 1 1 0 75 68 5 5 25 35 15 58 45 25 65 75 35 68 55 45 64 9 55 15 
1 1 0 0 0 0 1 1 0 1 1 1 1 1 0 1 0 0 1 0 45 48 5 75 25 35 5 58 45 15 65 75 25 68 55 35 65 69 55 15 
