0 1 1 2 0 3 1 4 9 2 5 6 9 3 3 4 7 9 10 5 9 5 10 6 10 10 11 6 11 7 11 11 8 11 9 12 13 11 13 12 13 12 12 12 13 13 14 14 14 14 15 15 15 13 13 13 14 15 15 15 15 14 14 15 0 0 0 2 3 1 9 4 1 5 2 6 2 3 4 7 8 4 10 8 9 10 5 9 11 11 6 10 7 12 7 12 8 8 10 12 0 0 11 0 8 11 5 0 1 2 11 0 4 2 8 5 11 10 0 2 2 5 10 2 2 8 4 8 10 5 2 8 2 11 5 4 0 5 1 2 4 8 5 11 10 5 0 1 4 12 0 2 3 2 8 11 5 4 8 9 12 2 8 5 11 2 5 11 0 2 0 11 8 0 5 11 8 5 2 0 0 8 1 11 8 4 8 11 0 1 5 11 2 0 8 1 5 8 5 10 
0 2 3 4 0 7 1 7 8 1 9 9 9 2 2 3 10 9 9 3 10 4 10 4 11 11 11 5 12 5 12 12 6 13 6 12 13 7 13 13 13 13 7 14 13 8 13 14 14 14 14 14 15 14 14 15 8 15 15 15 15 15 15 8 1 0 0 5 6 0 7 8 1 8 1 9 2 2 3 9 10 3 10 10 11 10 4 11 11 11 4 12 5 12 5 12 6 6 7 12 0 0 0 0 8 0 2 8 10 8 2 4 0 5 11 5 2 6 9 11 12 2 9 8 7 12 9 2 0 8 7 12 2 4 11 6 0 5 2 7 3 12 11 4 6 2 9 0 2 3 6 9 0 7 12 4 5 2 3 6 9 7 12 11 0 2 5 0 0 11 10 0 5 8 11 7 2 8 2 12 4 8 0 7 2 6 5 4 0 6 11 4 5 2 11 3 5 8 2 9 
0 2 3 4 0 7 1 7 1 1 8 8 2 2 2 3 9 3 4 3 10 4 7 4 11 11 8 5 9 5 12 12 6 13 6 10 10 7 11 13 11 13 8 14 11 8 11 11 11 12 12 13 13 14 14 15 9 14 14 15 15 15 15 10 1 0 0 5 6 0 0 7 1 7 1 8 2 2 3 9 9 3 5 10 10 6 4 11 8 8 4 12 5 9 5 9 6 6 7 10 0 0 0 0 8 0 2 2 11 8 0 2 11 5 12 5 4 11 11 12 4 2 4 8 7 12 11 2 0 8 7 12 2 4 12 0 9 12 0 7 2 12 5 4 3 12 6 9 14 2 14 2 14 7 12 4 12 2 14 2 14 7 12 12 0 2 5 0 0 12 11 8 5 10 12 8 2 8 2 2 7 8 11 2 7 11 5 4 4 10 12 4 5 6 12 9 5 8 5 6 
0 2 3 4 0 7 1 7 0 1 9 9 1 2 2 3 10 1 2 3 11 4 3 4 12 12 5 5 5 5 12 13 6 13 6 7 7 7 7 13 7 13 8 14 7 8 8 8 8 8 11 12 13 14 14 14 9 14 15 15 15 15 15 10 1 0 0 5 6 0 0 8 1 8 1 9 2 2 3 10 10 3 2 11 11 3 4 11 4 4 4 12 5 6 5 6 6 6 7 7 0 0 0 0 8 2 2 8 15 8 2 4 11 5 12 5 4 15 11 12 7 2 15 8 4 7 11 2 15 8 14 4 2 7 12 0 4 12 10 12 11 14 5 4 15 12 0 1 4 15 2 2 2 7 12 14 12 2 2 12 14 4 7 12 0 2 5 0 0 12 11 2 5 8 12 7 2 8 2 2 7 8 15 4 12 11 5 14 11 15 12 12 5 11 12 15 5 8 5 1 
0 1 1 2 0 3 1 4 1 1 5 6 2 2 2 3 7 3 4 3 8 4 7 4 9 9 8 5 11 5 10 10 6 10 6 12 13 7 13 10 13 11 8 11 13 8 13 13 13 14 14 14 14 11 11 12 9 15 15 15 15 12 12 10 0 0 0 2 3 0 0 4 1 5 1 6 2 2 3 7 7 3 5 8 8 6 4 9 7 8 4 9 5 11 5 12 6 6 7 12 0 0 15 0 8 15 2 0 11 8 15 0 11 5 12 5 8 11 11 12 8 2 0 8 4 7 4 2 2 8 2 4 2 7 12 14 2 12 5 15 7 4 5 7 8 12 12 14 16 5 12 14 16 12 14 4 12 5 12 14 16 7 12 12 15 2 5 15 0 12 11 15 5 0 12 15 2 8 2 2 15 8 11 2 15 11 5 2 4 0 12 15 5 16 12 2 5 8 5 16 
0 2 2 2 0 3 0 4 1 1 5 5 7 1 2 2 6 7 7 3 7 3 8 4 8 8 10 4 10 5 9 9 5 9 6 11 11 6 11 9 11 10 7 10 12 7 12 12 13 13 13 14 14 11 12 13 8 14 15 15 15 14 15 8 1 0 0 3 3 0 0 4 1 4 1 5 1 2 2 6 6 3 8 7 7 8 3 8 9 10 4 9 4 10 5 10 5 6 6 11 0 0 8 10 8 10 15 0 11 5 0 8 0 15 5 15 8 6 9 5 4 12 9 2 4 7 7 12 8 2 7 12 12 14 5 2 7 15 12 16 14 4 12 16 5 15 12 14 5 12 14 5 12 16 16 16 12 14 5 12 14 16 16 15 0 2 5 0 8 12 11 8 2 10 8 10 12 2 12 0 10 2 0 2 7 6 15 2 2 2 5 4 15 12 5 14 15 2 12 5 
0 2 2 2 0 3 0 3 0 1 4 4 1 1 2 3 5 1 2 3 6 4 3 4 6 7 5 5 5 6 7 8 6 8 8 11 11 9 12 8 12 9 10 9 12 11 13 13 13 14 14 14 14 9 9 10 12 15 15 15 15 14 15 13 1 0 0 2 3 0 0 3 1 4 1 4 1 2 2 5 5 3 2 5 6 3 4 6 4 4 5 7 5 10 6 10 7 7 8 11 0 0 2 8 8 2 16 8 15 5 2 8 11 16 12 5 2 15 4 16 0 5 15 16 9 2 4 12 15 4 7 2 16 4 12 5 14 16 5 7 12 4 16 7 14 16 5 12 14 5 12 14 18 12 14 4 16 5 12 14 18 16 16 16 0 2 5 10 0 12 11 10 2 0 8 10 12 5 16 0 8 12 15 10 2 4 12 7 4 15 5 4 16 12 12 14 12 16 16 12 
0 2 2 2 0 3 0 3 0 1 4 4 0 1 2 3 5 1 1 3 6 4 3 4 6 7 6 5 7 6 7 8 6 8 8 9 10 9 10 8 10 9 10 9 11 11 11 11 11 12 12 12 12 9 14 14 12 13 13 13 13 15 15 13 1 0 0 2 3 0 0 3 1 4 1 4 1 2 2 5 5 3 1 5 6 2 4 6 4 5 5 7 5 8 6 9 7 7 8 10 0 0 2 7 8 2 16 7 15 5 2 7 19 16 12 4 2 11 15 16 0 4 19 16 9 2 19 12 19 4 7 2 16 4 12 19 12 16 14 7 19 4 16 7 5 16 12 14 19 5 12 14 19 12 16 18 16 5 12 14 19 16 18 16 0 2 5 9 0 12 11 9 2 0 8 9 12 4 16 0 7 12 19 9 2 19 12 7 19 19 4 4 16 19 12 14 12 16 16 5 
0 1 1 2 0 2 0 3 0 1 3 4 1 1 2 3 4 1 2 3 5 4 9 4 6 6 10 5 10 6 7 7 6 7 8 11 11 9 12 7 12 8 10 8 12 11 12 13 13 13 13 14 14 8 14 14 12 14 15 15 15 15 15 13 0 0 0 2 2 0 0 3 1 3 1 4 1 2 2 4 5 3 9 5 5 9 4 6 9 10 5 6 5 10 6 11 7 7 8 11 0 0 19 0 8 19 16 0 15 5 19 0 11 16 12 5 19 15 4 16 8 5 14 16 2 8 12 12 14 5 2 4 16 7 12 12 19 16 5 19 12 4 16 7 14 16 19 5 12 14 19 5 12 19 16 18 16 14 5 12 14 16 18 16 19 2 5 2 8 12 11 2 2 8 8 2 12 5 16 8 0 12 5 2 19 12 12 0 19 5 5 19 16 19 12 5 12 16 16 14 
0 2 2 3 0 4 0 5 0 1 6 7 1 1 1 2 7 1 7 2 8 3 9 3 9 9 9 4 10 4 10 11 5 11 5 10 11 6 11 12 11 12 6 13 12 6 12 12 12 13 13 13 13 13 14 14 7 14 14 14 14 15 15 8 1 0 0 3 4 0 0 5 0 6 1 7 1 1 2 7 7 2 8 8 8 8 3 8 9 9 3 10 4 10 4 10 5 5 6 11 0 2 8 2 8 8 16 2 15 2 8 4 11 12 19 12 14 15 21 19 7 5 5 16 16 18 21 5 5 16 18 16 5 18 19 21 12 12 14 16 21 18 16 16 5 19 12 14 21 5 12 14 21 18 16 18 16 5 12 14 21 16 18 16 0 2 5 8 2 12 11 8 19 2 5 7 8 16 5 12 19 16 19 4 12 21 12 14 12 14 19 16 12 12 19 14 12 16 5 5 
0 2 2 3 0 4 0 5 0 1 6 7 0 1 1 2 7 1 1 2 8 3 3 3 9 9 6 4 8 4 10 11 5 11 5 9 9 6 9 12 10 12 6 13 10 6 10 10 11 11 11 11 12 13 14 14 7 12 12 12 13 15 15 8 1 0 0 3 4 0 0 5 0 6 1 7 1 1 2 7 7 2 1 7 8 2 3 8 4 5 3 10 4 8 4 8 5 5 6 9 0 2 8 2 8 8 16 2 15 2 8 4 22 12 19 12 14 11 15 19 4 5 22 16 16 18 22 5 12 16 18 16 5 18 19 5 14 12 21 16 5 18 16 16 12 19 14 21 5 12 14 21 5 18 16 18 16 12 14 21 5 16 18 16 0 2 5 8 2 12 11 8 19 2 5 7 8 16 5 12 19 16 22 21 7 22 12 21 22 22 19 16 12 14 19 19 12 16 5 12 
0 1 1 2 0 3 0 3 0 1 4 4 1 1 1 2 5 1 7 2 6 3 7 3 9 9 8 4 8 4 10 11 5 11 5 9 10 6 10 12 10 12 6 13 10 6 11 11 11 11 12 12 12 13 14 14 7 12 13 13 13 15 15 8 0 0 0 2 2 0 0 3 0 4 1 5 1 1 2 5 6 2 7 6 7 7 3 8 8 8 3 10 4 9 4 9 5 5 6 9 0 0 22 2 8 2 16 8 15 2 8 21 11 12 19 12 21 15 5 18 21 5 19 15 16 18 14 5 19 15 18 16 5 18 18 14 5 12 12 16 14 18 15 16 21 18 5 12 14 21 5 12 14 18 16 18 16 21 5 12 14 16 18 16 22 2 5 8 21 12 11 21 19 2 5 2 8 16 5 8 2 15 12 8 21 14 12 21 5 12 18 16 12 5 18 12 12 15 5 21 
0 2 2 2 0 3 0 4 0 0 5 5 1 1 1 1 6 1 7 2 6 2 7 3 9 9 8 3 8 4 10 11 4 11 5 9 10 6 10 12 10 12 6 13 10 6 11 11 11 11 12 12 12 13 14 14 7 12 13 13 13 15 15 8 1 0 0 3 3 0 0 4 0 4 1 5 1 1 1 5 6 2 7 6 7 7 2 8 8 8 3 10 3 9 4 9 4 5 5 9 0 2 8 21 8 21 16 2 15 22 2 4 11 8 16 22 2 15 5 12 21 15 19 5 16 18 14 15 19 5 18 16 15 18 15 14 5 12 12 16 14 18 15 16 21 18 5 12 14 21 5 12 14 18 16 18 16 21 5 12 14 16 18 16 0 2 5 2 8 12 11 8 19 21 2 7 5 12 19 21 4 5 12 7 21 14 18 21 5 12 12 16 18 5 12 12 18 12 18 21 
0 2 2 2 0 3 0 4 0 0 5 5 0 1 1 1 6 1 1 2 6 2 7 3 9 9 8 3 8 4 10 11 4 11 5 9 9 6 9 12 10 12 6 13 10 6 10 10 11 11 11 11 12 13 14 14 7 12 12 12 13 15 15 8 1 0 0 3 3 0 0 4 0 4 1 5 1 1 1 5 6 2 1 6 7 7 2 8 7 7 3 10 3 8 4 8 4 5 5 9 0 2 8 21 8 21 16 2 15 22 2 4 25 8 16 22 2 11 15 12 21 15 12 5 16 18 5 15 12 5 18 16 15 18 15 5 14 12 21 16 5 18 15 16 12 18 14 21 5 12 14 21 5 18 16 18 16 12 14 21 5 16 18 16 0 2 5 2 8 12 11 8 19 21 2 7 5 12 19 21 4 5 25 7 21 5 18 21 14 19 12 16 18 14 12 19 18 12 18 12 
0 1 1 2 0 2 0 3 0 0 4 4 1 1 1 1 5 1 3 2 6 2 5 3 9 9 6 3 7 4 10 11 4 11 5 7 8 6 8 12 8 12 6 13 9 6 9 9 9 10 10 10 10 13 14 14 7 11 11 11 11 15 15 8 0 0 0 2 2 0 0 3 0 3 1 5 1 1 1 5 6 2 4 6 7 4 2 8 5 6 3 10 3 7 4 7 4 5 5 8 0 0 25 2 8 25 16 2 15 22 2 8 11 8 16 22 7 15 26 12 7 15 22 5 16 18 26 15 5 5 18 16 16 18 16 19 12 12 14 16 19 18 16 16 5 19 12 14 21 5 12 14 21 18 16 18 16 5 12 14 21 16 18 16 25 2 5 8 21 12 11 8 19 21 2 2 5 12 19 4 2 5 22 4 21 26 18 21 26 22 12 16 18 12 12 14 19 12 19 5 
0 2 2 2 0 3 0 3 0 0 4 4 1 1 1 1 5 1 2 1 6 2 5 2 7 8 7 3 7 3 9 10 4 10 5 8 8 6 9 11 9 11 6 12 9 6 9 10 10 10 10 11 11 12 13 13 7 11 11 12 12 14 14 8 1 0 0 3 3 0 0 4 0 4 0 5 1 1 1 5 5 1 3 6 6 4 2 6 6 7 2 9 3 7 4 8 4 5 5 8 0 2 8 26 8 7 16 26 15 22 7 26 11 5 12 19 7 15 22 25 4 5 22 16 21 21 12 12 14 19 18 16 16 18 16 12 19 12 5 16 12 18 16 16 14 19 21 5 12 14 21 5 12 18 16 18 16 14 21 5 12 16 18 16 0 2 5 2 4 12 11 2 19 4 25 2 2 8 16 4 26 22 22 2 7 22 12 26 22 5 19 16 16 19 12 5 19 12 19 14 
0 2 2 2 0 3 0 3 0 0 4 4 0 1 1 1 5 1 1 1 6 2 3 2 7 8 6 3 7 3 9 10 4 10 5 7 8 6 8 11 8 11 6 12 9 6 9 9 9 10 10 10 10 12 13 13 7 11 11 11 11 14 14 8 1 0 0 3 3 0 0 4 0 4 0 5 1 1 1 5 5 1 1 6 6 2 2 6 4 5 2 9 3 7 4 7 4 5 5 8 0 2 8 26 8 7 16 26 15 22 7 26 25 5 12 19 7 11 15 26 4 5 22 16 21 21 22 12 5 19 18 16 16 18 16 19 12 12 14 16 19 18 16 16 5 19 12 14 21 5 12 14 21 18 16 18 16 5 12 14 21 16 18 16 0 2 5 2 4 12 11 2 19 4 26 2 2 8 16 4 26 22 25 2 7 22 12 26 22 22 19 16 16 12 12 14 19 12 19 5 
0 1 1 2 0 2 0 3 0 0 3 3 1 1 1 1 4 1 2 1 5 2 5 2 5 5 7 3 7 3 6 6 4 6 5 8 8 6 8 6 8 7 6 8 9 6 9 9 9 9 10 10 10 9 9 10 7 10 10 11 11 10 11 8 0 0 0 2 2 0 0 3 0 3 0 4 1 1 1 4 4 1 3 4 5 4 2 5 6 7 2 6 3 7 4 7 4 5 5 8 0 0 25 2 8 28 16 2 15 22 26 28 11 5 12 19 7 15 22 27 2 5 22 16 26 28 12 12 14 19 4 7 16 26 16 5 14 12 19 28 29 21 16 21 5 19 12 14 21 29 5 12 14 16 18 16 16 21 29 5 12 18 16 16 25 2 5 8 26 12 11 4 19 7 27 2 2 8 16 4 26 22 22 28 4 22 12 7 22 5 19 2 16 19 12 29 19 12 19 12 
0 1 1 2 0 2 0 3 0 0 3 3 0 1 1 1 4 1 1 1 5 2 3 2 5 5 6 3 7 3 6 6 4 6 5 7 8 6 8 6 8 7 6 8 8 6 8 9 9 9 9 9 10 9 9 10 7 10 10 10 10 10 11 8 0 0 0 2 2 0 0 3 0 3 0 4 1 1 1 4 4 1 1 4 5 2 2 5 4 5 2 6 3 7 4 7 4 5 5 7 0 0 25 2 8 28 16 2 15 22 26 28 30 5 12 19 7 11 15 27 2 5 22 16 26 28 22 12 5 19 4 7 16 26 16 19 5 12 12 28 14 21 16 21 19 19 29 5 12 14 21 29 5 16 18 16 16 12 14 21 29 18 16 16 25 2 5 8 26 12 11 4 19 7 27 2 2 8 16 4 26 22 30 28 4 22 12 7 22 22 19 2 16 12 12 14 19 12 19 29 
0 2 2 2 0 2 0 3 0 0 3 3 0 1 1 1 4 1 1 1 4 1 3 2 5 5 5 2 5 3 6 6 4 6 5 6 7 5 7 6 7 6 6 7 7 6 8 8 8 8 8 9 9 8 9 9 7 9 9 9 10 10 10 8 1 0 0 2 2 0 0 3 0 3 0 3 0 1 1 4 4 1 1 4 4 2 1 5 4 5 2 5 3 6 3 6 4 4 5 7 0 2 4 7 8 30 16 2 15 22 26 28 25 2 8 16 4 11 15 22 28 26 22 12 4 7 26 19 31 16 4 7 12 19 12 31 12 19 14 21 19 28 12 21 29 16 5 12 14 19 29 5 12 21 16 18 16 14 21 29 5 16 18 16 0 2 5 26 28 12 11 4 19 7 26 30 29 5 12 2 7 19 25 26 30 22 29 2 22 22 16 28 12 2 19 26 16 19 16 5 
0 2 2 2 0 2 0 3 0 0 3 3 0 1 1 1 4 0 1 1 4 1 1 2 5 5 4 2 4 3 6 6 4 6 5 5 6 5 7 6 7 6 6 7 7 6 7 7 8 8 8 8 8 8 9 9 7 9 9 9 9 10 10 8 1 0 0 2 2 0 0 3 0 3 0 3 0 1 1 4 4 1 1 4 5 1 1 5 2 3 2 6 3 5 3 5 4 4 5 6 0 2 4 7 8 31 16 2 15 22 26 28 25 2 8 16 4 32 11 22 31 26 32 12 28 31 22 19 26 16 7 19 12 21 12 26 26 19 5 28 12 31 12 21 14 16 19 29 5 12 14 19 29 21 16 18 16 5 12 14 21 16 18 16 0 2 5 26 28 12 11 4 19 7 26 31 29 5 12 2 7 19 15 28 4 25 29 7 22 22 16 4 12 2 19 22 16 19 16 2 
0 1 1 2 0 2 0 2 0 0 3 3 0 1 1 1 4 1 1 1 4 1 3 2 5 5 4 2 4 3 6 6 4 6 5 5 6 5 7 6 7 6 6 7 7 6 7 7 8 8 8 8 8 8 9 9 7 9 9 9 9 10 10 8 0 0 0 2 2 0 0 2 0 3 0 3 0 1 1 3 4 1 1 4 5 2 1 5 3 4 2 6 3 5 3 5 4 4 5 6 0 0 32 2 8 26 16 28 15 22 4 7 25 2 8 16 4 11 15 22 31 26 22 12 28 31 22 19 26 16 7 19 12 21 12 26 26 19 5 28 12 31 12 21 14 16 19 29 5 12 14 19 29 21 16 18 16 5 12 14 21 16 18 16 32 2 5 4 7 12 11 31 19 2 26 28 29 5 12 31 7 19 25 28 4 22 29 7 26 2 16 4 12 2 19 22 16 19 16 2 
0 2 2 2 0 3 0 3 0 0 4 4 0 0 1 1 5 1 1 1 5 1 2 1 6 6 3 2 4 2 6 6 3 6 4 5 6 5 6 6 7 6 5 7 7 6 7 7 7 8 8 8 8 8 9 9 7 8 9 9 9 10 10 8 1 0 0 2 2 0 0 3 0 3 0 4 0 1 1 4 5 1 1 5 5 2 1 5 3 3 1 6 2 4 3 4 3 4 4 5 0 2 4 7 8 4 16 7 15 22 4 7 25 32 5 12 4 11 15 19 21 22 26 29 4 7 26 12 2 19 14 19 16 21 16 2 2 12 26 28 5 31 16 21 12 16 14 19 29 5 12 14 19 21 16 18 16 29 5 12 14 16 18 16 0 2 5 28 31 12 11 28 19 31 26 28 29 2 8 31 7 16 25 19 28 22 26 31 2 22 32 12 16 22 12 26 19 12 19 26 
0 1 1 2 0 2 0 3 0 0 3 4 0 0 1 1 4 1 1 1 5 1 2 1 5 6 3 2 3 2 6 6 3 6 4 4 5 5 6 6 7 6 5 6 7 6 7 7 7 7 8 8 8 7 9 9 7 8 8 8 8 10 10 8 0 0 0 2 2 0 0 3 0 3 0 4 0 1 1 4 5 1 1 5 5 2 1 5 2 2 1 6 2 3 3 3 3 4 4 4 0 0 35 4 8 31 16 4 15 22 31 4 25 32 5 12 31 11 15 19 19 22 22 29 31 4 2 12 22 19 12 14 16 19 16 2 36 12 36 21 5 28 16 31 12 16 14 19 29 36 5 12 14 21 16 18 16 19 21 29 36 16 18 16 35 2 5 7 28 12 11 7 19 28 26 7 29 2 8 28 4 16 25 7 21 2 26 28 26 36 32 7 16 26 12 36 19 12 19 36 
0 2 2 2 0 3 0 3 0 0 4 4 0 0 1 1 4 0 1 1 4 1 1 1 5 5 4 1 5 2 5 5 2 5 3 6 7 4 7 5 7 5 5 6 7 6 7 7 7 8 8 8 8 6 6 6 7 8 8 8 8 6 6 8 1 0 0 2 3 0 0 3 0 3 0 4 0 0 1 4 4 1 1 4 4 1 1 5 2 3 1 5 1 6 2 6 2 3 3 7 0 4 7 28 8 7 16 28 15 22 4 7 25 32 2 8 19 35 11 16 31 19 35 26 7 12 38 32 38 12 19 21 19 28 16 38 12 16 14 31 19 36 16 4 21 16 29 36 38 5 12 14 19 7 12 14 16 21 29 36 38 19 21 16 0 2 5 31 4 12 11 31 19 36 26 12 29 36 5 14 21 12 15 28 36 25 22 4 2 38 29 14 36 29 16 36 36 12 19 5 
0 2 2 2 0 3 0 3 0 0 3 4 0 0 1 1 4 0 0 1 4 1 1 1 4 5 6 1 6 2 5 5 2 5 3 6 7 4 7 5 7 5 5 5 7 6 7 7 7 8 8 8 8 5 5 6 7 8 8 8 8 6 6 8 1 0 0 2 3 0 0 3 0 3 0 4 0 0 1 4 4 1 1 4 4 1 1 4 1 6 1 5 1 6 2 6 2 3 3 7 0 4 7 28 8 7 16 28 15 22 38 4 25 32 2 8 14 35 39 16 28 19 25 26 38 4 14 32 19 12 12 14 19 19 16 38 12 16 14 21 19 28 16 31 21 16 29 36 38 5 12 14 19 36 38 4 16 21 29 36 38 7 21 16 0 2 5 31 4 12 11 31 19 36 26 7 29 36 5 12 19 12 11 21 31 15 22 36 39 12 29 7 36 29 16 36 36 12 19 5 
0 1 1 2 0 2 0 2 1 0 3 3 3 0 1 1 4 4 5 1 4 1 6 1 4 4 6 1 6 2 4 5 2 5 3 7 7 4 7 5 7 5 5 5 7 6 7 7 7 8 8 8 8 5 5 5 7 8 8 8 8 5 6 8 0 0 0 2 2 0 0 3 0 3 0 3 0 0 1 3 4 1 5 4 4 6 1 4 6 6 1 4 1 6 2 6 2 3 3 7 0 0 39 4 8 31 16 39 15 22 28 31 40 32 2 8 4 40 38 16 14 19 12 26 28 31 29 32 36 12 38 4 19 7 16 5 14 16 19 12 21 14 16 19 29 16 36 38 40 5 12 14 19 21 28 31 16 21 29 36 38 36 21 16 39 2 5 7 28 12 15 4 19 7 26 36 29 36 5 38 7 12 40 12 19 5 22 21 14 19 29 36 36 38 16 40 36 12 19 12 
0 2 2 2 0 3 0 3 1 0 3 3 5 0 0 1 3 5 5 1 4 1 5 1 4 4 6 1 6 1 4 4 2 4 2 6 7 4 7 4 7 4 5 5 7 6 7 7 7 7 8 8 8 5 6 6 7 8 8 8 8 7 8 8 1 0 0 2 2 0 0 3 0 3 0 3 0 0 1 3 3 1 5 3 4 5 1 4 5 6 1 4 1 6 1 6 2 2 3 6 0 4 7 28 8 4 16 7 15 22 19 21 5 32 39 5 36 12 14 12 4 16 36 22 14 19 12 29 14 36 28 31 12 36 36 36 5 16 12 38 14 40 16 21 19 16 21 29 36 38 5 12 14 40 21 40 16 19 21 29 36 40 40 16 0 2 5 31 40 12 15 12 19 14 26 28 29 36 2 31 38 8 19 40 7 29 19 12 38 5 26 21 32 19 39 29 16 19 16 38 
0 2 2 2 0 2 0 2 0 0 2 3 1 0 0 1 3 1 4 1 3 1 4 1 3 4 5 1 5 1 4 4 2 4 3 5 6 4 6 5 6 6 5 7 6 5 6 6 7 7 7 7 7 7 7 8 6 7 7 7 8 8 8 6 1 0 0 2 2 0 0 2 0 2 0 3 0 0 1 3 3 1 4 3 3 4 1 3 5 5 1 4 1 5 1 5 2 3 4 6 0 4 7 12 8 21 16 28 39 22 38 4 15 32 40 5 14 39 19 12 28 16 38 22 38 4 14 29 19 36 12 14 16 21 40 38 12 40 14 21 19 21 16 16 29 40 36 38 5 12 14 21 29 18 40 16 16 36 38 42 5 18 40 40 0 2 5 14 19 12 15 31 19 36 26 7 29 36 2 12 19 8 29 21 31 36 19 36 5 12 26 7 32 29 40 36 40 16 16 5 
0 2 2 2 0 2 0 2 0 0 2 3 0 0 0 1 3 1 1 1 3 1 3 1 3 4 4 1 4 1 4 5 2 6 3 4 5 4 5 7 5 7 5 7 5 5 5 5 5 6 6 6 6 7 8 8 6 6 6 6 6 8 8 6 1 0 0 2 2 0 0 2 0 2 0 3 0 0 1 3 3 1 1 3 3 2 1 3 4 4 1 4 1 4 1 4 2 3 4 5 0 4 7 12 8 21 16 28 39 22 38 4 43 32 40 5 14 15 39 12 28 16 43 22 38 4 19 29 29 36 21 21 16 21 40 43 12 40 14 16 19 18 16 40 29 40 36 38 43 5 12 14 19 42 16 18 16 29 36 38 43 40 42 40 0 2 5 14 19 12 15 31 19 36 26 7 29 36 2 12 19 8 43 21 31 43 19 36 12 14 26 7 32 36 40 38 40 16 16 5 
0 1 1 2 0 2 0 2 0 0 2 2 1 0 0 1 3 1 3 1 3 1 4 1 3 3 4 1 4 1 4 5 2 6 3 5 5 4 5 7 5 7 5 7 5 5 5 5 6 6 6 6 6 7 8 8 6 6 6 6 7 8 8 6 0 0 0 2 2 0 0 2 0 2 0 2 0 0 1 2 3 1 3 3 3 4 1 3 4 4 1 3 1 4 1 4 2 3 4 5 0 0 43 4 8 14 16 19 39 22 31 36 15 32 40 5 4 39 38 12 14 16 12 22 28 31 29 29 36 36 21 21 16 21 40 5 14 40 19 16 29 18 16 40 36 40 38 43 5 12 14 19 29 42 16 18 16 36 38 43 5 40 42 40 43 2 5 7 12 12 15 21 19 28 26 38 29 36 2 43 7 8 43 12 19 5 19 21 14 19 26 36 32 38 40 43 40 16 16 12 
0 1 1 1 0 2 0 2 3 0 2 2 3 0 0 1 2 3 3 1 3 1 4 1 3 3 4 1 4 1 4 5 2 6 3 5 5 4 5 7 5 7 5 7 5 5 5 5 5 6 6 6 6 7 8 8 6 6 6 6 6 8 8 6 1 0 0 1 2 0 2 2 0 2 0 2 0 0 0 2 2 1 4 3 3 4 1 3 4 4 1 3 1 4 1 4 2 3 4 5 0 21 24 32 8 7 16 12 36 22 21 28 38 32 40 2 38 43 45 8 7 12 14 18 19 21 36 29 38 40 21 21 16 21 40 5 14 40 19 16 29 18 16 40 36 40 38 43 45 5 12 14 19 42 16 18 16 29 36 38 43 40 42 40 0 2 5 34 4 12 45 14 19 19 26 31 29 36 43 36 43 5 5 4 12 12 15 14 19 29 26 28 36 43 43 45 40 16 16 12 
0 1 1 1 0 1 0 2 3 0 2 2 3 0 0 1 2 3 3 1 2 1 3 1 4 4 4 1 4 1 5 6 2 6 3 4 4 4 5 7 5 7 5 7 5 5 5 5 5 5 5 6 6 7 8 8 6 6 6 6 6 8 8 6 0 0 0 1 1 0 2 2 0 2 0 2 0 0 0 2 2 1 3 2 3 3 1 3 3 4 1 5 1 4 1 4 2 3 4 4 0 0 21 24 8 45 16 4 5 22 14 19 12 32 39 2 31 14 19 8 45 12 38 18 21 45 12 29 14 39 45 21 16 45 40 36 43 40 5 16 12 18 16 40 14 40 19 29 36 38 43 5 12 42 16 18 16 14 19 29 36 40 42 40 45 2 5 32 34 12 43 7 19 12 26 21 29 36 42 28 36 5 29 38 21 36 15 45 43 5 26 21 36 19 42 29 40 16 16 38 
0 1 1 1 0 1 0 1 2 0 2 2 2 0 0 0 2 3 3 1 2 1 3 1 4 4 3 1 4 1 5 6 2 6 3 4 4 4 4 7 4 7 5 7 5 5 5 5 5 5 5 5 5 7 8 8 6 6 6 6 6 8 8 6 1 0 0 1 1 0 2 1 0 2 0 2 0 0 0 2 2 1 3 2 3 3 1 3 3 3 1 5 1 4 1 4 2 3 4 4 0 8 12 23 8 35 16 46 38 22 7 12 43 32 40 46 21 5 12 5 45 14 29 20 21 45 43 30 5 40 45 21 16 45 40 19 36 40 38 16 43 18 16 40 5 40 12 14 19 29 36 38 43 42 16 18 16 5 12 14 19 40 42 40 0 2 5 25 33 12 36 48 19 4 26 14 29 36 43 19 28 2 14 31 21 19 17 45 36 38 27 21 37 12 43 14 40 16 16 29 
0 1 1 1 0 1 0 1 2 0 2 2 2 0 0 0 2 3 3 1 2 1 3 1 4 4 3 1 4 1 5 6 2 6 3 4 4 4 4 7 4 7 5 7 5 5 5 5 5 5 5 5 5 7 8 8 6 6 6 6 6 8 8 6 0 0 0 1 1 0 2 1 0 1 0 2 0 0 0 2 2 1 3 2 3 3 1 3 3 3 1 5 1 4 1 4 2 3 4 4 0 0 8 12 8 33 16 35 38 22 4 7 43 32 40 46 19 5 12 5 45 14 29 20 21 45 43 30 5 40 45 21 16 45 40 19 36 40 38 16 43 18 16 40 5 40 12 14 19 29 36 38 43 42 16 18 16 5 12 14 19 40 42 40 49 2 5 23 25 12 36 46 19 49 26 12 29 36 43 14 21 2 14 28 21 19 17 45 36 38 27 21 37 12 43 14 40 16 16 29 
0 1 1 1 0 1 0 1 2 0 1 2 2 0 0 0 2 2 3 1 2 1 3 1 4 4 3 1 3 1 5 6 2 6 3 4 4 4 4 7 4 7 5 7 4 5 5 5 5 5 5 5 5 7 8 8 6 5 6 6 6 8 8 6 0 0 0 1 1 0 2 1 0 1 0 2 0 0 0 2 2 1 3 2 3 3 1 3 3 3 1 5 1 4 1 4 2 3 4 4 0 0 8 12 8 33 16 35 36 22 50 4 38 32 40 46 14 43 5 5 45 14 19 20 21 45 38 30 43 40 45 21 16 45 40 14 29 40 36 16 38 18 16 40 43 40 5 12 14 19 29 36 38 42 16 18 16 43 5 12 14 40 42 40 50 2 5 23 25 12 29 46 19 48 26 7 29 36 43 12 19 2 12 21 21 14 17 45 29 36 27 21 37 5 43 12 40 16 16 19 
0 0 0 0 0 1 0 1 2 0 1 1 2 0 0 1 2 2 2 1 2 1 3 1 4 4 3 1 3 1 5 6 2 6 3 4 4 4 4 7 4 7 5 7 4 5 4 4 5 5 5 5 5 7 8 8 6 5 5 5 6 8 8 6 0 0 0 1 1 0 2 1 0 1 0 1 0 0 0 2 2 1 2 2 3 3 1 3 3 3 1 5 1 3 1 3 2 3 4 4 0 34 45 48 8 12 16 23 19 22 35 46 29 36 42 2 7 36 38 14 45 17 12 27 21 45 29 37 36 43 45 21 16 45 40 5 14 40 19 16 29 18 16 40 36 40 38 43 5 12 14 19 29 42 16 18 16 36 38 43 5 40 42 40 32 2 5 0 8 12 14 25 19 33 26 48 29 39 50 4 12 5 43 21 21 5 20 45 14 19 30 21 40 38 50 43 40 16 16 12 
0 0 0 0 0 1 0 1 2 0 1 1 2 0 0 1 2 2 2 1 2 1 3 1 4 4 3 1 3 1 5 6 2 6 3 3 4 4 4 7 4 7 5 7 4 5 4 4 4 4 4 5 5 7 8 8 6 5 5 5 5 8 8 6 0 0 0 1 1 0 2 1 0 1 0 1 0 0 0 2 2 1 2 2 3 2 1 3 3 3 1 5 1 3 1 3 2 3 4 3 0 34 45 49 8 12 16 23 19 22 35 46 29 36 42 2 7 36 38 14 45 17 5 27 21 45 19 37 29 43 45 21 16 45 40 43 5 40 12 16 14 18 16 40 19 40 29 36 38 43 53 5 12 42 16 18 16 14 19 29 36 40 42 40 32 2 5 0 8 12 14 25 19 33 26 49 29 39 51 4 12 5 43 21 21 53 20 45 12 14 30 21 40 36 51 38 40 16 16 53 
0 0 0 0 0 1 0 1 2 0 1 1 2 0 0 1 2 2 2 1 2 1 3 1 4 4 3 1 3 1 5 6 2 6 3 3 4 4 4 7 4 7 5 7 4 5 4 4 4 4 4 5 5 7 8 8 6 5 5 5 5 8 8 6 0 0 0 1 1 0 2 1 0 1 0 1 0 0 0 2 2 1 2 2 3 2 1 3 3 3 1 5 1 3 1 3 2 3 4 3 0 34 45 50 8 12 16 23 19 22 35 46 29 36 42 2 7 36 38 14 45 17 5 27 21 45 19 37 29 43 45 21 16 45 40 43 5 40 12 16 14 18 16 40 19 40 29 36 38 43 53 5 12 42 16 18 16 14 19 29 36 40 42 40 32 2 5 0 8 12 14 25 19 33 26 50 29 39 52 4 12 5 43 21 21 53 20 45 12 14 30 21 40 36 52 38 40 16 16 53 
0 0 0 0 0 0 0 0 2 0 1 1 2 0 0 1 1 2 2 1 2 1 2 1 4 4 3 1 3 1 5 6 2 6 3 3 3 4 3 7 4 7 5 7 4 5 4 4 4 4 4 4 4 7 8 8 6 5 5 5 5 8 8 6 0 0 0 0 0 0 2 1 0 1 0 1 0 0 1 1 1 1 2 2 3 2 1 3 2 3 1 5 1 3 1 3 2 3 4 3 0 12 23 25 14 46 20 48 12 30 11 22 14 43 53 5 45 19 29 16 45 19 43 29 21 45 12 39 14 50 45 21 16 45 40 36 43 40 53 16 5 18 16 40 12 40 14 19 29 36 38 43 53 42 16 18 16 5 12 14 19 40 42 40 8 2 5 33 35 17 5 0 27 8 37 24 40 50 2 32 48 13 36 21 21 38 26 45 53 5 36 21 42 19 53 29 40 16 16 38 
0 0 0 0 0 0 0 0 2 0 1 1 2 0 0 1 1 2 2 1 2 1 2 1 4 4 3 1 3 1 5 6 2 6 3 3 3 4 3 7 4 7 5 7 4 5 4 4 4 4 4 4 4 7 8 8 6 5 5 5 5 8 8 6 0 0 0 0 0 0 2 1 0 1 0 1 0 0 1 1 1 1 2 2 3 2 1 3 2 3 1 5 1 3 1 3 2 3 4 3 0 11 22 24 13 48 19 56 12 29 21 24 14 42 53 5 48 19 29 15 45 18 43 29 21 45 12 39 14 50 45 21 16 45 40 36 43 40 53 16 5 18 16 40 12 40 14 19 29 36 38 43 53 42 16 18 16 5 12 14 19 40 42 40 8 2 5 32 45 16 5 0 26 8 36 32 39 50 2 45 56 12 36 21 21 38 26 45 53 5 36 21 42 19 53 29 40 16 16 38 
0 0 0 0 0 0 0 0 2 0 1 1 2 0 0 1 1 2 2 1 2 1 2 1 4 4 3 1 3 1 5 6 2 6 3 3 3 4 3 7 3 7 5 7 3 5 4 4 4 4 4 4 4 7 8 8 6 4 4 4 5 8 8 6 0 0 0 0 0 0 2 1 0 1 0 1 0 0 1 1 1 1 2 2 3 2 1 3 2 2 1 5 1 3 1 3 2 3 4 3 0 21 24 32 12 56 18 59 12 29 21 24 14 42 53 5 56 19 29 15 45 18 43 29 21 45 5 39 12 50 45 21 16 45 40 29 38 40 43 16 53 18 16 40 60 40 5 12 14 19 29 36 38 42 16 18 16 43 53 60 5 40 42 40 8 2 5 45 48 15 5 0 26 8 36 32 39 50 2 45 59 12 36 21 21 38 26 45 53 60 36 21 42 14 53 19 40 16 16 36 
0 0 0 0 0 0 0 1 2 0 1 1 2 0 0 1 1 2 2 1 2 1 2 1 4 4 3 1 3 1 5 6 2 6 3 3 3 4 3 7 3 7 5 7 3 5 4 4 4 4 4 4 4 7 8 8 6 4 4 4 5 8 8 6 0 0 0 0 0 0 2 1 0 1 0 1 0 0 0 1 1 1 2 2 3 2 1 3 2 2 1 5 1 3 1 3 2 3 4 3 0 21 24 32 12 56 18 0 12 29 24 32 14 42 53 2 56 19 29 12 45 15 43 26 21 45 5 36 12 42 45 21 16 45 40 29 38 40 43 16 53 18 16 40 60 40 5 12 14 19 29 36 38 42 16 18 16 43 53 60 5 40 42 40 8 2 5 45 48 15 5 8 26 21 36 45 39 50 59 50 60 5 36 21 21 38 18 45 53 60 29 21 39 14 53 19 40 16 16 36 
0 0 0 0 0 0 0 1 2 0 1 1 2 0 0 1 1 2 2 1 2 1 2 1 4 4 2 1 3 1 5 6 2 6 3 3 3 4 3 7 3 7 5 7 3 5 3 3 4 4 4 4 4 7 8 8 6 4 4 4 4 8 8 6 0 0 0 0 0 0 2 1 0 1 0 1 0 0 0 1 1 1 2 2 3 2 1 3 2 2 1 5 1 3 1 3 2 3 4 3 0 21 24 32 12 56 18 0 12 29 24 26 14 42 53 2 50 19 29 12 45 15 43 29 21 45 62 39 5 53 45 21 16 45 40 19 36 40 38 16 43 18 16 40 53 40 60 62 5 12 14 19 29 42 16 18 16 36 38 43 53 40 42 40 8 2 5 45 48 15 5 8 26 21 36 32 39 50 60 45 56 5 36 21 21 38 18 45 53 60 36 21 42 12 60 14 40 16 16 29 
0 0 0 0 0 0 0 0 2 0 1 1 2 0 0 1 1 2 2 1 2 1 2 1 4 4 2 1 2 1 5 6 2 6 3 3 3 4 3 7 3 7 5 7 3 5 3 3 3 3 4 4 4 7 8 8 6 4 4 4 4 8 8 6 0 0 0 0 0 0 2 1 0 1 0 1 0 0 0 1 1 1 2 2 3 2 1 3 2 2 1 5 1 3 1 3 2 3 4 3 0 21 24 32 12 56 18 63 12 29 26 32 14 42 53 2 56 19 29 12 45 15 43 29 21 45 62 39 64 53 45 21 16 45 40 14 29 40 36 16 38 18 16 40 43 40 53 60 62 64 5 12 14 42 16 18 16 19 29 36 38 40 42 40 8 2 5 45 48 15 5 8 26 21 36 45 39 50 60 50 63 5 36 21 21 38 18 45 53 60 36 21 42 5 60 12 40 16 16 19 
0 0 0 0 0 1 0 1 2 0 1 1 2 0 0 1 2 2 2 1 3 1 2 1 4 4 2 1 3 1 5 5 2 6 3 3 3 4 3 6 3 6 5 7 3 5 3 3 4 4 4 4 4 7 7 7 6 4 4 4 4 7 8 6 0 0 0 0 1 0 2 1 0 1 0 1 0 0 0 2 2 1 2 3 3 2 1 4 2 2 1 5 1 3 1 3 2 3 4 3 8 32 45 50 12 8 18 21 12 29 45 50 14 42 60 5 45 19 29 15 45 18 43 36 45 64 62 42 5 60 45 64 16 21 40 19 36 40 38 45 43 64 16 16 53 40 60 62 5 12 14 19 29 18 40 42 16 36 38 43 53 64 16 40 21 2 5 56 2 15 5 26 26 32 36 56 39 53 63 21 64 12 36 21 64 38 29 21 53 60 39 21 53 12 63 14 40 16 16 29 
0 0 0 0 0 0 0 1 2 0 1 1 2 0 1 1 1 2 2 1 3 1 2 1 4 5 2 1 3 2 6 6 2 6 3 3 3 4 3 6 3 6 4 6 3 5 3 3 4 4 4 4 4 6 7 7 5 4 4 4 4 7 7 5 0 0 0 0 0 0 2 1 0 1 0 1 0 0 1 1 2 1 2 2 3 2 1 4 2 2 1 5 1 3 2 3 3 3 4 3 2 21 26 32 15 56 29 2 12 39 26 32 14 60 5 15 56 19 29 29 21 36 43 42 45 21 62 60 5 16 16 18 64 21 64 19 36 40 38 40 43 42 64 45 53 16 60 62 5 12 14 19 29 64 16 18 40 36 38 43 53 40 42 64 8 5 12 45 50 18 5 8 36 21 42 45 53 64 12 50 21 18 36 45 45 38 39 21 53 60 53 45 64 12 40 14 16 40 16 29 
0 0 0 0 0 0 0 1 1 0 1 1 2 0 1 1 1 2 2 1 3 1 2 1 4 5 2 1 2 2 6 6 2 6 3 3 3 4 3 6 3 6 4 6 3 5 3 3 3 3 3 3 4 6 6 7 5 4 4 4 4 7 7 5 0 0 0 0 0 0 0 1 0 1 0 1 0 0 1 1 2 1 2 2 3 2 1 4 2 2 1 5 1 2 2 2 3 3 4 3 2 21 26 32 15 56 29 2 67 39 26 32 5 60 5 15 56 12 14 29 21 36 36 42 45 21 53 60 60 16 16 18 64 21 64 5 14 40 19 40 29 42 64 45 36 16 38 43 53 60 62 67 5 64 66 16 40 12 14 19 29 18 40 64 8 5 12 45 50 18 67 8 36 21 42 45 53 64 12 50 21 18 19 45 45 29 39 21 38 43 53 45 64 62 40 67 16 40 16 12 
0 0 0 0 0 0 0 0 2 0 1 1 2 0 1 1 1 2 2 1 2 1 2 1 3 4 2 1 2 2 5 5 2 6 3 3 3 4 3 6 3 6 4 6 3 5 3 3 3 3 4 4 4 6 6 6 5 4 4 4 4 6 7 5 0 0 0 0 0 0 2 1 0 1 0 1 0 0 1 1 1 1 2 1 2 2 1 3 2 2 1 4 1 3 2 3 3 3 4 3 2 21 26 32 15 56 29 67 12 39 21 26 14 60 5 15 50 19 29 29 21 36 43 42 45 21 62 60 67 16 21 45 64 16 64 14 29 40 36 18 38 21 64 40 43 16 53 60 62 67 5 12 14 42 45 64 40 19 29 36 38 66 16 64 8 5 12 45 50 18 5 2 36 8 42 32 53 64 12 45 56 18 36 67 45 38 39 21 53 60 53 45 64 5 40 12 16 40 16 19 
0 0 0 0 0 0 0 1 2 0 1 1 2 0 0 1 1 2 2 1 3 1 2 1 4 5 2 1 2 1 5 5 2 5 3 3 3 3 3 5 3 6 4 6 3 4 3 3 3 3 3 3 4 6 6 6 4 4 4 4 4 6 6 5 0 0 0 0 0 0 2 1 0 1 0 1 0 0 1 1 2 1 2 2 3 2 1 4 2 2 1 5 1 2 1 3 2 2 3 3 2 21 26 32 15 56 29 2 12 39 26 32 14 60 67 12 56 19 29 18 21 29 43 39 45 21 62 53 67 64 42 45 16 64 16 12 19 64 29 66 36 16 16 18 38 40 43 53 60 62 67 69 5 21 40 42 64 12 14 19 29 64 66 16 8 5 12 45 50 18 5 8 36 21 42 45 53 64 5 50 21 15 36 45 45 38 36 21 53 60 42 40 60 69 67 5 40 64 40 14 
0 0 0 0 0 0 0 0 2 0 1 1 2 0 0 1 1 2 2 1 2 1 2 1 3 3 2 1 2 1 4 5 2 5 3 3 3 3 3 5 3 5 4 6 3 4 3 3 3 3 4 4 4 6 6 6 4 4 4 4 4 6 6 5 0 0 0 0 0 0 2 1 0 1 0 1 0 0 1 1 1 1 2 1 2 2 1 2 2 2 1 3 1 3 1 3 2 2 3 3 2 21 26 32 15 56 29 69 12 39 21 26 14 60 66 12 50 19 29 18 21 29 43 39 21 45 62 53 67 63 21 40 16 42 16 14 29 64 36 64 38 66 16 16 43 40 53 60 62 67 5 12 14 18 40 42 64 19 29 36 38 64 66 16 8 5 12 45 50 18 5 2 36 8 42 32 53 63 5 45 56 15 36 69 45 38 36 69 53 60 42 69 60 5 66 12 40 64 40 19 
0 0 0 0 0 0 0 0 2 0 1 1 2 0 0 1 1 2 2 1 1 1 2 1 2 2 2 1 2 1 3 5 2 5 3 3 3 3 3 5 3 5 4 6 3 4 3 3 3 3 3 4 4 6 6 6 4 4 4 4 4 6 6 5 0 0 0 0 0 0 2 0 0 1 0 1 0 0 1 1 1 1 2 1 1 2 1 2 2 2 1 3 1 3 1 3 2 2 3 3 2 21 26 32 15 56 29 69 12 39 8 21 14 60 66 12 45 19 29 18 69 29 43 39 45 69 62 53 67 63 45 40 16 42 16 14 29 64 36 64 38 66 16 16 43 40 53 60 62 67 69 5 12 18 40 42 64 14 19 21 29 64 66 16 8 5 12 45 50 18 5 74 36 2 42 26 53 63 5 32 50 15 36 56 74 38 36 21 53 60 42 21 60 5 66 12 40 64 40 19 
0 0 0 0 0 0 0 0 2 0 1 1 2 0 0 1 1 2 2 1 1 1 2 1 1 2 2 1 2 1 2 5 2 5 3 3 3 3 3 5 3 5 4 6 3 4 3 3 3 3 3 3 3 6 6 6 4 3 3 4 4 6 6 5 0 0 0 0 0 0 2 0 0 0 0 1 0 0 1 1 1 1 2 1 1 2 1 1 2 2 1 2 1 2 1 3 2 2 3 3 2 21 26 32 15 56 29 69 12 39 2 8 14 60 66 12 32 19 29 18 56 29 43 39 76 21 62 53 67 63 69 40 16 42 16 12 19 64 21 64 29 66 16 16 36 40 38 43 45 53 60 62 67 18 40 42 64 69 77 5 12 64 66 16 8 5 12 45 50 18 5 74 36 76 42 21 53 63 5 26 45 15 36 50 69 38 36 74 53 60 42 45 60 77 66 5 40 64 40 14 
0 0 0 0 0 0 0 0 2 0 1 1 2 0 0 1 1 2 2 1 1 1 2 1 4 4 2 1 2 1 5 5 1 5 2 2 3 3 3 5 3 5 3 6 3 3 3 3 3 3 3 3 3 6 6 6 4 3 3 3 3 6 6 4 0 0 0 0 0 0 2 0 0 1 0 1 0 0 0 1 1 1 2 1 1 2 1 2 2 2 1 5 1 2 1 2 1 2 2 3 2 21 26 32 15 56 29 69 12 39 8 21 14 60 66 5 45 19 29 15 69 18 43 36 64 66 60 42 62 60 18 40 66 42 40 77 12 16 14 64 19 66 40 16 21 64 29 36 38 43 45 53 60 18 40 42 16 62 67 69 77 64 66 40 8 5 12 45 50 18 5 74 36 2 42 26 53 63 77 32 50 12 36 56 74 38 29 21 45 53 39 16 53 67 63 69 77 16 64 5 
0 0 0 0 0 0 0 0 2 0 1 1 2 0 0 1 1 2 2 1 1 1 2 1 4 4 2 1 2 1 5 5 1 5 2 2 2 3 3 5 3 5 3 6 3 3 3 3 3 3 3 3 3 6 6 6 4 3 3 3 3 6 6 4 0 0 0 0 0 0 1 0 0 0 0 1 0 0 0 1 1 1 2 1 1 2 1 1 2 2 1 5 1 2 1 2 1 2 2 2 2 21 26 32 15 56 29 69 5 39 2 8 12 60 66 5 32 14 19 15 56 18 36 36 64 66 45 42 53 60 18 40 67 42 40 67 77 16 5 64 12 66 40 16 14 64 19 21 29 36 38 43 45 18 40 42 16 53 60 62 67 64 66 40 8 5 12 45 50 18 70 74 36 80 42 21 53 63 77 26 45 12 21 50 74 29 29 80 38 43 39 16 53 60 64 62 77 16 64 69 
0 0 0 0 0 0 0 0 1 0 0 1 1 0 0 1 1 2 2 1 1 1 2 1 4 4 2 1 2 1 5 5 1 5 2 2 2 3 2 5 2 5 3 6 2 3 3 3 3 3 3 3 3 6 6 6 4 3 3 3 3 6 6 4 0 0 0 0 0 0 1 0 0 0 0 1 0 0 0 1 1 1 2 1 1 2 1 1 2 2 1 5 1 2 1 2 1 2 2 2 2 21 26 32 15 56 29 69 46 39 84 2 70 60 66 5 32 5 12 16 74 19 21 36 64 66 38 43 43 60 18 40 67 42 40 60 67 16 69 64 77 66 40 16 84 64 5 12 14 19 21 29 36 18 40 42 16 38 43 45 53 64 66 40 8 5 12 45 50 18 22 74 36 80 42 8 53 63 77 26 50 12 14 56 80 19 29 84 29 36 40 16 53 45 64 53 77 16 64 62 
0 0 0 0 0 0 0 0 0 0 1 1 1 0 0 0 1 1 1 1 4 1 2 1 4 4 2 1 2 1 5 5 1 5 1 2 2 2 2 5 2 5 2 6 2 3 2 2 2 3 3 3 3 6 6 6 3 3 3 3 3 6 6 3 0 0 0 0 0 0 0 1 0 1 0 1 0 0 0 1 1 1 2 4 4 2 1 4 2 2 1 5 1 2 1 2 1 1 2 2 2 21 26 32 15 74 29 80 70 40 26 32 22 60 67 84 74 46 70 12 18 16 14 29 64 66 29 40 36 53 18 40 64 42 84 45 60 40 62 64 67 66 64 16 69 16 77 84 86 5 12 14 19 18 40 42 40 21 29 36 38 64 66 64 8 5 12 50 56 18 46 2 36 8 43 50 53 64 77 56 80 5 5 16 40 12 19 42 19 21 36 16 43 38 60 43 67 77 16 53 
0 0 0 0 0 0 0 0 0 0 1 1 0 0 0 0 1 1 1 1 4 1 2 1 4 4 2 1 2 1 5 5 1 5 1 2 2 2 2 5 2 5 2 6 2 3 2 2 2 2 2 2 3 6 6 6 3 3 3 3 3 6 6 3 0 0 0 0 0 0 0 1 0 1 0 1 0 0 0 1 1 1 1 4 4 1 1 4 2 2 1 5 1 2 1 2 1 1 2 2 2 26 32 50 16 80 29 87 46 40 26 32 70 60 67 84 74 22 46 12 18 16 5 29 64 66 19 40 21 53 18 40 64 42 84 38 45 40 53 64 60 66 64 16 62 16 67 69 77 84 86 88 5 18 40 42 40 12 14 19 21 64 66 64 8 5 12 56 74 19 22 2 36 8 43 50 53 64 77 56 87 5 70 16 40 80 19 42 12 14 36 16 43 29 60 36 67 77 16 43 
0 0 0 0 0 0 0 2 0 0 3 3 0 0 0 0 4 1 1 1 4 1 1 1 5 5 1 1 1 1 5 5 1 5 1 2 2 1 2 5 2 6 2 6 2 2 2 2 2 2 2 2 2 6 6 6 2 2 2 2 2 6 6 3 0 0 0 0 0 0 0 3 0 3 0 3 0 0 0 4 4 0 1 4 4 1 1 4 1 1 1 5 1 1 1 1 1 1 1 2 2 26 32 50 16 80 29 88 46 40 64 66 70 60 67 84 18 2 8 5 64 12 32 19 16 18 56 36 70 43 42 64 60 66 77 5 14 87 19 88 21 16 16 18 29 40 36 38 43 45 53 60 62 40 42 64 64 67 69 77 84 66 88 16 8 5 12 56 74 19 22 40 36 42 43 88 53 64 77 16 40 87 22 42 66 26 16 88 46 50 29 40 40 74 53 80 64 67 84 12 
0 0 0 0 0 3 0 3 0 0 3 3 0 0 0 0 4 0 1 1 4 1 1 1 5 5 1 1 1 1 5 5 1 5 1 1 2 1 2 5 2 6 2 6 2 2 2 2 2 2 2 2 2 6 6 6 2 2 2 2 2 6 6 2 0 0 0 0 0 0 0 3 0 3 0 3 0 0 0 4 4 0 1 4 4 1 1 4 1 1 1 5 1 1 1 1 1 1 1 2 2 26 32 50 16 16 29 18 46 40 64 66 70 60 67 84 18 80 2 5 64 12 26 19 16 18 50 36 56 43 42 64 60 66 77 80 12 88 14 88 19 16 16 18 21 40 29 36 38 43 45 53 60 40 42 64 64 62 67 69 77 66 88 88 8 5 12 56 74 19 22 40 36 42 43 88 53 64 77 16 40 88 8 42 66 22 16 88 32 46 29 40 40 70 53 74 64 67 84 5 
0 0 3 3 0 3 0 3 0 0 4 4 0 0 0 0 4 0 0 1 4 1 0 1 5 5 1 1 1 1 5 5 1 5 1 1 1 1 1 6 1 6 2 6 1 2 1 2 2 2 2 2 2 6 6 6 2 2 2 2 2 6 6 2 0 0 0 3 3 0 0 3 0 3 0 4 0 0 0 4 4 0 0 4 5 0 1 5 0 1 1 5 1 1 1 1 1 1 1 1 2 26 16 18 16 64 29 66 32 40 16 18 46 60 67 84 64 50 56 5 90 12 80 19 40 42 8 36 22 43 66 88 60 90 77 46 56 88 70 16 74 18 16 40 80 40 91 5 12 14 19 21 29 42 64 66 64 36 38 43 45 88 90 88 8 5 12 40 42 19 22 88 36 90 43 40 53 64 77 42 66 88 70 88 16 74 16 18 91 2 29 64 40 26 53 32 64 67 84 50 
2 2 2 3 0 3 0 3 0 0 3 4 0 0 0 0 4 0 0 0 4 1 0 1 5 5 0 1 1 1 5 5 1 5 1 1 1 1 1 5 1 6 1 6 1 1 1 1 2 2 2 2 2 6 6 6 2 2 2 2 2 6 6 2 2 0 0 3 3 0 0 3 0 3 0 4 0 0 0 4 4 0 0 4 4 0 1 5 0 0 1 5 1 1 1 1 1 1 1 1 64 88 90 16 16 42 29 64 8 40 90 16 22 60 67 84 42 26 32 91 88 5 56 16 18 40 80 29 2 40 64 66 53 88 67 26 46 84 50 90 56 16 88 18 70 91 74 80 5 12 14 19 21 40 42 64 16 29 36 38 43 66 88 40 66 5 12 18 40 19 2 66 36 88 43 18 53 64 77 40 64 88 46 66 90 50 12 16 70 74 19 42 36 8 43 22 60 64 77 32 
