0 0 0 1 1 8 10 4 11 12 6 13 3 14 3 7 5 18 8 7 9 9 10 12 12 14 14 16 19 15 17 16 1 2 5 6 7 9 3 2 5 5 2 6 7 15 4 4 8 6 18 8 9 10 11 11 13 13 15 19 6 0 3 0 3 0 0 6 0 0 2 0 0 0 3 6 3 3 6 3 3 6 6 6 3 6 3 3 5 6 3 6 6 6 0 0 0 0 6 0 2 6 3 6 2 0 0 3 2 3 5 3 2 3 6 3 6 3 3 3 
5 0 0 1 1 3 5 6 6 7 7 8 3 9 3 8 5 11 9 7 9 14 15 17 12 18 14 16 19 19 17 19 5 5 0 1 2 4 6 2 6 7 2 7 8 10 4 4 8 6 12 8 13 10 16 11 18 13 15 18 0 0 3 0 3 6 6 1 6 6 1 6 0 6 3 1 3 6 0 3 3 7 7 7 3 7 3 3 3 5 3 7 1 2 6 6 6 6 0 0 2 0 3 2 0 6 0 3 2 3 6 3 7 3 7 3 5 3 3 3 
1 0 0 0 1 4 11 5 12 12 12 13 2 14 3 14 4 16 15 5 6 16 16 17 8 18 9 10 19 19 11 19 2 3 1 2 3 10 4 1 10 11 2 13 13 15 3 4 14 5 17 6 15 7 17 7 18 8 9 18 2 0 3 6 3 0 6 0 3 5 7 3 6 3 3 5 6 3 5 6 6 5 7 7 3 7 3 3 3 5 3 7 2 2 0 0 0 6 2 6 8 8 3 5 7 3 6 3 7 3 3 3 7 3 5 6 5 6 6 3 
0 0 0 0 1 4 11 2 12 12 4 13 2 14 3 13 4 16 14 5 6 15 15 16 8 17 9 10 19 18 11 18 1 1 1 2 3 10 2 1 3 3 2 4 12 15 3 4 13 5 17 6 14 7 16 7 17 8 9 18 9 0 3 6 3 0 6 9 3 5 2 3 6 3 3 5 6 3 5 6 6 5 7 7 3 7 3 3 3 5 3 7 2 9 0 0 0 6 2 6 2 9 3 9 7 3 6 3 7 3 3 3 7 3 5 6 5 6 6 3 
1 0 0 0 1 2 3 5 3 4 8 4 2 10 3 11 4 12 12 5 6 13 13 14 8 14 9 10 15 15 11 15 2 3 0 1 1 2 4 1 6 7 2 9 10 11 3 4 12 5 13 6 12 7 13 7 14 8 9 14 2 0 3 6 3 0 0 10 9 0 10 9 6 6 3 10 6 3 7 6 6 5 7 5 3 10 3 3 3 5 3 7 2 2 9 0 9 9 2 6 10 10 3 10 10 6 6 3 5 3 3 3 10 3 10 6 7 6 6 3 
0 0 0 0 1 3 6 4 6 7 6 7 2 8 2 9 3 9 11 4 4 12 12 12 6 13 8 10 11 13 11 13 1 2 0 1 2 5 3 1 4 4 1 7 8 8 2 3 10 3 9 4 12 5 12 5 12 7 9 10 2 3 6 9 3 0 6 0 10 6 8 10 3 6 6 8 6 6 7 3 9 4 5 10 3 3 3 3 10 4 3 5 2 2 0 0 0 10 2 6 1 2 9 8 8 10 9 3 7 9 10 6 3 3 7 6 11 3 3 10 
0 0 0 0 1 5 7 2 8 9 3 9 2 9 2 4 3 10 4 4 4 5 9 10 6 11 7 8 11 11 8 11 0 1 0 1 2 6 1 1 2 3 1 3 3 9 2 3 4 3 10 4 4 5 10 5 10 6 7 11 2 3 6 10 3 6 6 2 6 3 1 5 3 7 6 0 6 3 2 3 10 8 12 7 3 5 3 3 10 7 10 12 9 2 0 0 0 6 9 6 9 0 10 2 9 10 10 3 1 10 10 6 9 3 5 10 12 10 10 3 
0 0 0 0 1 6 8 1 9 9 2 9 2 9 2 2 3 10 3 4 4 3 4 10 6 11 7 8 11 11 8 11 0 0 0 1 5 7 1 1 1 2 1 2 2 9 2 3 3 3 10 4 3 5 10 5 10 6 7 11 2 3 6 10 3 6 6 9 3 5 1 7 3 10 6 13 6 3 1 3 10 13 13 7 3 5 3 3 10 7 10 12 9 13 0 0 6 6 2 6 13 0 10 2 9 12 10 3 0 10 10 6 2 3 5 10 12 10 10 3 
0 0 0 0 1 3 5 1 6 7 1 8 2 9 2 10 3 9 10 4 4 10 11 11 6 11 7 8 10 11 8 11 0 0 0 1 2 4 0 1 1 1 1 2 2 9 2 3 10 3 9 4 10 5 11 5 11 6 7 9 0 3 6 10 3 13 6 0 6 6 9 6 3 3 6 5 6 7 10 3 10 12 3 5 3 10 3 3 3 11 10 12 1 2 13 13 13 13 9 6 1 2 10 0 1 5 10 3 7 10 10 6 11 3 4 10 7 10 10 12 
7 0 0 0 0 6 6 8 7 7 9 7 1 7 1 10 2 8 10 3 3 10 10 11 4 11 4 5 9 11 6 11 8 8 5 5 6 6 8 1 9 9 1 9 10 7 2 2 10 2 8 3 10 3 10 4 11 4 5 9 15 3 6 10 13 10 14 15 3 5 12 7 10 10 13 4 10 3 7 3 10 11 12 3 6 5 13 10 10 7 3 10 5 7 6 14 6 12 12 3 5 7 6 15 3 12 3 6 5 13 10 6 10 13 15 3 4 10 3 3 
5 0 0 0 0 3 5 7 5 6 7 6 1 7 1 8 2 8 8 3 3 9 9 9 4 10 4 5 9 10 6 10 6 6 0 1 2 4 6 1 7 7 1 7 8 7 2 2 8 2 8 3 8 3 9 4 9 4 5 9 17 3 6 10 13 16 6 5 14 6 15 10 10 3 13 7 10 3 15 3 10 5 7 15 6 3 13 10 10 4 3 5 12 15 16 16 16 16 17 3 7 12 6 17 5 10 3 6 12 13 10 6 17 13 12 3 17 10 3 3 
6 0 0 0 0 3 5 7 5 5 7 6 1 7 1 8 2 8 8 3 3 9 9 9 4 10 4 5 9 10 6 10 6 6 0 1 2 4 6 1 7 7 1 7 8 7 2 2 8 2 8 3 8 3 9 4 9 4 5 9 7 3 6 10 13 17 6 5 14 17 15 10 10 3 13 7 10 3 15 3 10 5 7 15 6 3 13 10 10 4 3 5 12 15 17 17 17 17 17 3 7 12 6 17 5 10 3 6 12 13 10 6 17 13 12 3 17 10 3 3 
3 0 0 0 0 1 2 5 3 4 6 6 1 7 1 6 2 8 7 3 3 7 7 8 4 8 4 5 9 8 6 8 4 5 0 0 1 2 5 1 5 6 1 6 6 7 2 2 7 2 8 3 7 3 7 4 8 4 5 9 20 3 6 10 13 19 19 17 17 17 12 10 10 3 13 20 10 3 7 3 10 15 17 5 6 12 13 10 10 15 3 17 20 7 17 19 17 17 15 3 20 7 6 15 17 10 3 6 5 13 10 6 12 13 20 3 7 10 3 3 
5 0 0 0 0 3 4 5 4 5 6 5 1 5 1 7 2 6 7 2 2 7 7 8 3 8 4 4 7 8 4 8 5 5 0 1 2 3 5 0 6 6 1 6 6 6 1 1 7 2 6 2 7 3 7 3 8 3 4 7 5 3 6 10 13 17 17 17 20 3 12 10 6 20 10 5 3 10 12 10 19 17 20 3 10 5 3 10 10 7 13 10 7 12 17 17 17 20 15 19 5 7 3 15 17 3 13 19 7 6 20 13 15 3 21 6 4 13 6 3 
0 0 0 0 0 3 4 2 4 5 3 5 1 5 1 5 2 6 5 2 2 5 5 6 3 6 4 4 7 6 4 6 0 1 0 1 2 3 1 0 2 3 1 4 4 6 1 1 5 2 6 2 5 3 6 3 6 3 4 7 23 3 6 10 13 17 17 23 20 3 27 10 6 20 10 5 3 10 12 10 19 17 27 7 10 15 3 10 10 17 13 27 27 23 17 17 17 20 27 19 27 23 3 23 27 3 13 19 7 6 20 13 15 3 5 6 12 13 6 3 
0 0 0 0 0 2 2 4 3 3 5 3 1 4 1 5 1 4 6 2 2 6 6 6 3 6 4 4 5 6 4 6 1 2 0 1 1 2 3 0 5 5 0 5 5 4 1 1 5 2 5 2 6 3 6 3 6 3 4 5 23 3 6 10 13 17 27 23 17 20 12 27 3 17 6 27 19 27 3 6 13 5 7 11 10 15 3 10 20 17 13 20 23 23 17 17 27 20 23 19 5 7 26 15 17 20 10 13 28 3 3 10 4 3 10 6 12 13 6 10 
0 0 0 0 0 1 2 4 3 3 5 4 1 4 1 5 2 4 5 2 2 5 6 6 3 6 3 4 5 6 4 6 1 2 0 0 1 2 3 0 4 4 1 5 5 4 1 1 5 2 5 2 5 3 6 3 6 3 4 5 23 3 6 10 13 20 20 8 17 20 5 6 6 14 10 15 3 20 27 10 27 29 3 5 10 10 27 10 20 11 27 12 23 23 17 20 17 17 23 27 13 23 3 7 12 17 13 27 17 6 3 13 28 3 4 6 7 13 3 10 
0 0 0 0 0 1 1 4 2 2 4 2 1 3 1 4 2 3 5 2 2 5 5 5 3 5 3 4 4 5 4 5 1 2 0 0 0 1 3 0 4 4 1 4 4 3 1 1 5 2 4 2 5 3 5 3 5 3 4 4 23 3 6 10 13 17 30 8 17 20 18 30 6 17 10 31 3 30 4 10 27 7 10 12 10 17 27 10 20 20 27 21 23 23 17 20 30 20 23 27 13 17 3 23 30 20 13 27 3 6 6 13 5 3 11 6 15 13 3 14 
0 0 0 0 0 1 2 2 2 3 3 3 1 3 1 3 1 3 4 2 2 4 4 4 3 4 3 4 4 4 4 5 0 1 0 0 1 2 1 0 2 2 0 3 3 3 1 1 3 1 4 2 4 2 4 2 4 3 4 4 23 3 6 10 13 20 20 23 30 6 8 14 3 17 6 32 27 30 8 3 10 17 18 30 3 32 27 10 20 34 27 3 34 23 17 20 17 17 34 27 32 34 30 13 23 20 10 13 34 30 6 6 13 13 23 27 31 10 3 14 
0 0 0 0 0 1 1 3 2 2 3 2 1 2 1 3 1 3 3 2 2 4 4 4 3 4 3 4 4 4 4 4 1 2 0 0 0 1 2 0 3 3 0 3 3 3 1 1 3 1 3 2 3 2 4 2 4 3 4 4 23 3 6 10 13 17 34 8 17 20 15 30 3 34 6 23 27 20 31 3 10 6 7 13 3 15 27 10 34 17 27 31 23 23 17 20 34 20 32 27 13 14 30 17 18 6 10 13 30 30 34 6 32 13 8 27 14 10 3 20 
0 0 0 0 0 1 1 1 1 2 2 2 0 2 1 3 1 2 3 2 2 3 3 3 3 4 4 4 4 4 4 4 1 1 0 0 1 1 1 0 2 2 0 2 3 2 1 1 3 2 3 2 3 3 3 3 4 3 4 3 23 3 6 10 13 14 20 32 30 6 23 14 34 17 3 13 34 30 15 10 34 18 23 31 27 15 3 27 20 17 34 31 8 13 17 20 6 17 23 27 8 13 30 32 8 20 10 27 14 3 6 27 17 3 30 10 7 34 10 20 
0 0 0 0 0 1 1 1 1 1 2 1 0 2 1 2 1 2 3 2 2 3 3 4 3 4 4 4 4 4 4 4 0 1 0 0 0 1 1 0 1 1 0 2 2 2 1 1 2 2 2 2 3 3 3 3 4 3 4 3 23 3 6 10 13 6 17 23 20 30 8 38 34 6 3 31 34 17 7 10 34 17 31 7 27 17 3 27 20 31 34 39 37 8 17 20 38 14 13 27 32 37 30 13 23 14 10 27 39 3 20 27 15 3 39 10 15 34 10 20 
0 0 0 0 0 1 1 1 1 1 2 1 0 2 1 3 1 2 3 2 2 3 3 4 3 4 4 4 4 4 4 4 0 0 0 0 0 1 1 0 1 1 0 2 2 2 1 1 3 2 2 2 3 3 4 3 4 3 4 3 23 3 6 10 13 6 17 13 20 30 31 38 34 6 3 7 34 17 17 10 34 39 41 15 27 31 3 27 20 39 34 41 37 41 17 20 38 14 8 27 23 41 30 39 41 14 10 27 15 3 20 27 31 3 7 10 17 34 10 20 
0 0 0 0 0 0 1 2 1 1 2 1 0 1 1 3 1 2 3 2 2 3 4 4 3 4 4 4 4 4 4 4 1 2 0 0 0 1 2 0 2 2 0 3 3 1 1 1 3 2 2 2 3 3 4 3 4 3 4 3 44 3 6 10 13 41 14 31 17 20 44 30 34 38 3 17 34 6 39 10 34 44 7 17 27 39 3 27 20 41 34 44 44 15 17 20 38 6 17 27 39 41 30 7 15 41 10 27 31 3 20 27 41 3 15 10 31 34 10 20 
1 0 0 0 0 0 1 2 1 1 2 1 0 2 1 3 1 3 3 2 2 3 3 4 3 4 4 4 4 4 4 4 1 1 0 0 0 0 1 0 2 2 0 2 2 2 1 1 3 2 3 2 3 3 4 3 4 3 4 4 17 3 6 10 13 41 6 7 14 20 31 44 34 20 3 7 34 20 17 10 34 39 41 15 27 31 3 27 44 39 34 41 31 39 17 20 38 44 41 27 15 17 30 39 41 44 10 27 15 3 44 27 31 3 7 10 17 34 10 20 
0 0 0 0 0 1 1 1 2 2 1 2 0 3 1 2 1 3 2 2 2 2 3 3 3 3 4 4 4 3 4 4 0 0 0 0 0 1 1 0 1 1 0 1 2 3 1 1 2 2 4 2 2 3 3 3 3 3 4 4 17 3 6 10 13 20 51 15 20 44 39 51 34 20 3 15 34 51 31 10 34 41 7 17 27 39 3 27 51 41 34 7 39 41 20 44 51 44 7 27 17 31 30 41 7 44 10 27 17 3 20 27 39 3 15 10 31 34 10 44 
0 0 0 0 0 0 1 1 1 2 1 2 1 3 1 2 2 4 2 2 2 2 3 3 3 3 3 4 4 3 4 4 0 0 0 0 0 0 1 0 1 1 1 1 2 3 1 1 2 2 4 2 2 3 3 3 3 3 4 4 31 3 10 27 34 20 20 15 44 20 39 44 10 20 27 15 3 20 31 27 51 41 7 17 27 39 51 10 51 41 27 7 39 41 6 14 17 44 7 51 17 31 3 41 7 44 34 51 17 10 34 34 39 3 15 10 31 34 3 44 
0 0 0 0 0 1 1 0 2 2 1 2 1 3 1 1 2 3 1 2 2 2 2 2 3 2 3 4 4 2 4 3 0 0 0 0 0 1 0 0 0 0 1 1 1 3 1 1 1 2 4 2 1 3 2 3 2 3 4 4 7 3 10 27 34 20 58 39 20 44 7 58 10 20 27 31 3 58 41 27 51 7 15 31 27 41 51 10 44 55 27 7 15 17 20 44 58 44 31 51 41 55 3 15 17 44 34 51 39 10 20 34 55 3 17 10 39 34 3 34 
