0 4 0 4 5 1 6 2 3 1 1 2 0 0 2 1 2 1 1 0 
0 4 1 0 5 1 6 2 3 1 2 3 0 0 3 2 3 2 2 1 
0 4 0 0 5 1 6 2 3 1 3 4 0 1 4 3 4 3 3 2 
0 4 1 0 5 1 6 2 3 1 4 5 2 2 5 4 5 4 4 3 
0 4 0 0 5 1 6 2 3 4 5 5 4 2 5 5 5 5 5 9 
0 0 2 0 1 1 4 2 3 3 5 12 15 2 12 5 5 5 5 15 
0 0 3 2 1 1 4 2 3 3 5 13 15 15 13 5 5 5 5 16 
0 0 2 2 1 1 4 2 3 3 5 14 17 15 14 5 5 5 5 15 
0 2 2 3 2 0 3 1 1 3 5 5 9 15 15 14 5 5 14 9 
0 2 2 3 2 0 3 1 1 2 5 5 9 15 15 15 5 5 15 19 
0 2 0 3 2 0 3 1 1 1 5 5 25 15 15 15 5 5 15 25 
0 2 1 0 2 0 3 1 1 1 5 5 25 25 15 15 5 5 15 26 
0 0 2 2 1 0 2 1 1 2 5 25 9 15 25 15 5 5 15 17 
0 1 1 2 1 0 2 0 1 1 5 15 19 15 25 15 5 25 5 29 
0 1 1 0 1 0 2 0 1 1 5 15 19 35 25 15 5 25 5 29 
0 0 1 1 1 0 1 0 1 1 5 34 19 35 15 15 25 25 5 29 
0 0 1 1 1 0 1 0 1 1 5 35 19 35 15 15 25 25 5 29 
