4 1 2 1 2 4 0 3 3 0 3 2 2 0 0 1 0 2 0 1 
1 1 2 0 4 4 2 3 3 0 0 3 3 0 2 5 2 3 2 2 
0 1 1 2 3 4 3 2 4 0 0 0 4 2 5 5 7 4 7 3 
2 0 1 3 3 4 1 1 2 0 5 0 1 5 7 5 0 5 8 4 
2 0 1 2 3 3 0 1 1 0 5 1 1 8 5 7 0 5 9 5 
1 0 1 0 1 2 0 1 0 0 2 1 5 11 0 5 0 9 10 5 
1 0 1 0 0 1 0 1 1 0 2 1 5 10 12 0 0 9 13 5 
0 0 1 0 1 1 0 1 1 0 12 1 5 10 2 13 0 9 4 5 
1 0 1 0 0 1 0 1 1 0 9 12 5 0 2 2 4 12 4 5 
1 0 1 0 0 1 0 1 1 0 9 13 5 2 11 2 4 13 4 5 
1 0 1 0 0 1 0 1 1 0 9 14 5 2 12 2 4 14 4 5 
1 0 1 0 0 1 0 1 0 0 8 15 4 2 12 2 4 15 14 5 
0 0 1 0 1 1 0 1 0 0 17 13 4 2 8 18 4 14 12 5 
0 0 1 0 1 1 0 1 1 0 23 14 4 18 8 24 2 15 19 5 
0 0 1 0 1 1 0 1 1 0 24 14 4 18 8 25 2 15 19 5 
0 0 1 0 1 1 1 1 1 0 25 14 4 18 8 25 19 15 27 5 
1 0 0 1 1 1 0 1 1 0 15 15 25 18 25 27 19 5 9 5 
