0 5 0 1 1 2 2 6 4 3 5 6 4 6 7 7 4 0 1 5 2 5 3 6 3 4 6 7 5 7 0 5 5 2 5 5 0 5 0 5 2 7 5 0 0 6 7 2 0 6 2 7 0 6 2 2 2 2 0 5 
0 1 0 1 1 2 2 5 4 3 5 6 4 5 6 7 0 0 1 2 2 3 3 5 3 4 6 7 4 7 0 5 6 2 6 6 0 5 0 6 2 8 5 0 0 8 5 2 0 5 2 5 0 8 2 2 2 2 7 0 
0 0 0 1 1 2 2 2 4 3 5 3 4 5 6 7 0 0 1 1 2 1 3 2 3 4 6 7 4 5 0 9 6 2 6 6 0 5 0 6 2 5 5 0 0 0 5 2 0 5 2 9 0 9 2 2 2 2 7 8 
0 3 0 0 1 1 2 5 3 2 3 6 4 6 7 7 3 0 1 4 1 5 3 6 2 2 4 5 4 7 0 8 5 8 2 8 0 10 9 5 2 10 0 3 3 10 5 2 0 8 5 0 0 0 2 8 2 2 9 0 
0 1 0 0 1 1 2 5 5 2 3 7 5 6 7 7 0 0 1 3 1 4 4 6 2 2 3 4 6 7 0 5 6 9 2 9 0 0 3 6 2 0 10 10 3 11 5 2 0 0 6 0 10 0 2 9 9 2 3 10 
0 0 0 0 1 1 2 3 5 2 3 5 6 7 7 7 0 0 1 1 1 2 5 4 2 3 4 4 6 6 0 9 6 10 2 10 0 0 10 10 10 0 3 3 10 0 5 2 0 5 6 8 3 0 2 2 2 10 10 0 
0 0 0 0 1 1 2 2 5 2 3 3 6 7 7 5 0 0 1 0 1 1 5 2 2 3 4 4 6 4 0 9 6 10 2 10 0 8 10 10 10 0 3 3 10 0 5 2 0 13 6 13 3 13 2 2 2 10 10 0 
0 0 0 0 0 1 2 3 4 2 2 5 5 6 6 7 0 0 1 1 1 2 3 4 1 2 3 4 5 6 0 9 6 10 13 10 0 0 10 2 13 0 3 3 10 0 5 2 0 8 2 8 10 0 13 10 2 2 10 0 
0 0 0 0 0 1 2 1 4 2 2 2 5 6 6 4 0 0 1 0 1 1 3 2 1 2 3 4 5 3 0 9 6 10 13 10 0 16 10 2 13 16 3 3 10 0 5 2 0 16 2 8 10 8 13 10 2 2 10 0 
0 0 0 0 0 1 1 3 2 1 2 5 2 4 5 5 0 0 1 1 0 2 2 4 1 2 3 4 3 5 0 9 6 10 13 2 16 0 13 13 10 0 15 10 3 11 5 2 0 8 16 8 0 0 10 2 2 2 10 10 
0 0 0 0 0 1 1 2 2 1 2 3 2 3 4 5 0 0 1 0 0 1 1 2 1 2 3 4 2 4 0 9 6 10 13 2 16 8 0 13 10 0 13 10 10 0 5 2 0 19 16 8 18 19 10 2 2 2 15 0 
0 0 0 0 0 1 1 2 2 1 2 3 2 4 4 4 0 0 0 1 0 1 1 3 1 2 2 3 3 4 0 9 6 10 13 2 0 8 0 18 10 20 15 3 10 20 5 2 16 8 18 13 15 0 10 2 18 2 10 0 
0 0 0 0 0 1 1 1 2 1 2 3 2 4 4 4 0 0 0 0 0 1 1 3 1 2 2 3 3 4 0 9 6 10 13 2 0 13 0 18 10 20 15 3 10 20 5 2 16 21 18 8 15 0 10 2 18 2 10 0 
0 0 0 0 0 0 1 2 2 1 2 3 3 4 4 4 0 0 0 1 0 1 1 3 1 1 2 2 3 4 0 9 6 10 13 21 0 8 0 10 2 20 3 3 10 20 5 2 16 8 18 13 15 0 2 18 10 18 10 0 
0 0 0 0 0 0 1 3 2 1 2 3 3 4 4 4 0 0 0 1 0 2 1 3 1 1 2 2 3 4 0 21 6 10 13 22 0 0 0 10 2 24 3 3 10 20 5 2 16 24 18 24 15 20 2 18 10 18 10 0 
0 1 0 0 0 0 0 3 1 1 2 3 3 4 4 4 0 0 0 2 0 2 1 3 1 1 2 2 3 4 0 24 6 10 13 23 21 0 15 10 2 24 3 3 10 20 5 2 16 0 18 24 0 20 2 18 10 18 10 0 
0 1 0 0 0 0 1 3 2 1 1 3 3 4 4 4 0 0 0 2 0 2 1 3 0 1 2 2 3 4 0 24 6 10 13 21 0 0 19 2 18 24 3 3 10 20 5 2 16 0 18 24 15 20 24 10 2 10 10 0 
0 0 0 0 0 0 1 2 2 1 1 3 3 4 4 3 0 0 0 1 0 1 2 2 0 1 2 2 3 3 0 27 6 10 13 21 26 0 26 2 18 0 3 3 10 24 5 2 16 0 18 24 19 24 24 10 2 10 10 20 
0 0 0 0 0 0 1 2 2 1 1 3 3 3 4 3 0 0 0 1 0 1 2 2 0 1 2 2 3 3 0 21 6 10 13 23 19 0 19 2 26 0 3 27 3 24 5 2 16 0 18 24 10 24 26 10 2 26 10 20 
0 0 0 0 0 0 1 2 2 0 1 3 2 3 3 3 0 0 0 1 0 1 1 2 0 1 2 2 3 3 0 21 6 10 13 23 10 0 10 29 26 0 19 10 27 24 5 2 16 0 18 24 19 24 26 2 2 26 3 20 
0 0 0 0 0 0 1 1 2 0 1 2 2 3 3 3 0 0 0 0 0 1 1 2 0 1 2 2 3 3 0 21 6 10 13 23 10 24 10 30 26 24 19 10 27 20 5 2 16 29 18 0 19 0 26 2 2 26 3 0 
0 0 0 0 0 0 0 1 1 0 1 2 2 3 3 3 0 0 0 1 0 1 1 2 0 1 2 2 2 2 0 21 6 10 13 23 29 34 19 32 26 24 10 3 10 0 5 2 16 0 18 24 10 0 26 2 2 26 19 34 
0 0 0 0 0 0 0 2 1 0 1 2 1 2 2 3 0 0 0 1 0 1 0 2 0 1 2 2 1 3 0 21 6 10 13 23 29 0 10 33 26 24 19 10 34 3 5 2 16 0 18 24 31 20 26 2 2 26 34 0 
0 0 0 0 0 0 0 2 1 0 1 2 1 2 2 3 0 0 0 1 0 1 0 2 0 1 2 2 1 3 0 21 6 10 13 23 29 0 10 34 26 24 19 10 34 3 5 2 16 0 18 24 31 20 26 2 2 26 34 0 
0 0 0 0 0 0 0 1 1 0 1 2 1 2 2 3 0 0 0 0 0 1 0 2 0 1 2 2 1 2 0 21 6 10 13 23 29 24 10 34 26 20 19 10 34 0 5 2 16 37 18 0 31 0 26 2 2 26 34 24 
0 0 0 0 0 0 0 1 0 0 1 2 1 2 2 3 0 0 0 1 0 1 0 2 0 1 2 2 1 2 0 21 6 10 13 23 29 24 37 34 26 20 10 10 34 0 5 2 16 0 18 20 31 0 26 2 2 26 34 24 
0 0 0 0 0 0 0 1 0 0 1 2 1 2 2 3 0 0 0 1 0 1 0 2 0 1 2 2 1 2 0 32 10 13 18 26 7 24 29 37 26 20 10 10 34 0 21 2 5 0 23 20 16 0 34 2 2 26 34 24 
0 0 0 0 0 0 0 1 0 0 1 2 1 2 2 2 0 0 0 0 0 1 0 1 0 1 2 2 1 2 0 32 10 13 18 26 7 20 29 37 26 0 10 10 34 24 21 2 5 40 23 0 16 24 34 2 2 26 34 20 
0 0 0 0 0 0 0 1 0 0 1 2 1 2 2 2 0 0 0 0 0 1 0 1 0 1 2 2 1 2 0 30 10 13 18 27 7 20 40 37 26 0 10 10 34 24 21 2 5 32 24 0 16 24 34 2 2 26 34 20 
0 0 0 0 0 0 0 1 1 0 1 2 1 2 2 2 0 0 0 0 0 1 0 1 0 0 1 2 2 2 0 30 10 13 18 27 7 20 10 37 2 0 34 27 34 24 21 2 5 32 24 0 16 24 34 40 26 2 10 20 
0 0 0 0 0 0 0 1 1 0 1 2 1 2 2 2 0 0 0 0 0 1 0 1 0 0 1 2 2 2 0 32 10 13 18 27 7 20 10 37 2 0 34 27 34 24 21 2 5 43 24 0 16 24 34 40 26 2 10 20 
0 0 0 0 0 0 0 1 1 0 1 2 1 2 2 2 0 0 0 1 0 1 0 1 0 0 1 2 2 2 0 32 10 13 18 27 16 24 10 37 2 0 34 27 34 24 8 2 5 0 24 20 40 44 34 42 26 2 10 20 
0 0 0 0 0 0 0 1 1 0 1 1 1 2 2 2 0 0 0 1 0 1 0 1 0 0 1 2 2 2 0 32 10 13 18 27 40 24 10 37 2 48 34 27 34 20 8 2 16 0 24 20 47 44 34 42 26 2 10 0 
0 0 0 0 0 0 0 1 1 0 0 1 2 2 2 2 0 0 0 1 0 1 1 1 0 0 1 1 2 2 0 32 10 13 18 27 40 24 34 37 47 48 3 27 34 20 8 2 16 0 24 20 10 44 34 42 2 26 10 0 
0 0 0 0 0 0 0 1 1 0 0 1 2 2 2 2 0 0 0 1 0 1 1 1 0 0 1 1 2 2 0 32 10 13 18 27 40 24 34 37 48 48 3 27 34 20 8 2 16 0 24 20 10 44 34 42 2 26 10 0 
0 0 0 0 0 0 0 1 1 0 0 1 2 2 2 1 0 0 0 0 0 1 1 1 0 0 1 1 2 1 0 32 10 13 18 27 40 20 34 37 48 44 3 27 34 51 8 2 16 51 24 0 10 24 34 42 2 26 10 48 
0 0 0 0 0 0 1 1 1 0 0 1 2 2 2 1 0 0 1 0 0 0 1 1 0 0 0 1 2 1 0 16 10 13 18 27 27 0 51 37 47 24 3 27 34 48 8 2 10 32 24 40 34 20 34 42 50 2 10 44 
0 0 0 0 0 0 1 1 1 0 0 1 2 2 2 1 0 0 1 0 0 0 1 1 0 0 0 1 2 1 0 16 10 13 18 27 27 0 51 37 48 24 3 27 34 48 8 2 10 32 24 40 34 20 34 42 51 2 10 44 
0 0 0 0 0 0 1 1 1 0 0 1 1 2 2 1 0 0 1 0 0 0 1 1 0 0 0 0 2 1 0 16 10 13 18 27 10 0 34 37 48 24 51 10 27 48 8 2 3 32 24 40 27 20 34 42 51 56 3 44 
0 0 0 0 0 0 1 0 1 0 0 1 1 2 2 1 0 0 1 0 0 0 1 1 0 0 0 0 1 1 0 16 10 13 18 27 10 56 34 37 48 20 51 3 10 44 8 2 3 32 24 40 27 0 34 42 51 57 58 24 
0 0 0 0 0 0 1 0 1 0 0 1 1 2 2 1 0 0 1 0 0 0 1 1 0 0 0 0 1 1 0 16 10 13 18 27 10 56 34 37 48 20 51 3 10 44 8 2 3 32 24 40 27 0 34 42 51 58 58 24 
0 0 0 0 0 0 0 0 1 0 0 1 1 1 1 1 0 0 0 0 0 0 1 0 0 0 0 0 1 1 0 16 10 13 18 34 48 56 10 42 58 0 27 51 58 24 8 2 24 32 26 40 3 64 37 50 61 66 34 20 
0 0 0 0 0 0 0 0 1 0 0 0 1 1 1 1 0 0 0 0 0 0 1 0 0 0 0 0 1 1 0 16 10 13 18 34 48 56 10 42 58 72 27 51 58 20 8 2 24 32 26 40 3 64 37 50 61 66 34 0 
0 0 0 0 0 0 0 0 1 0 0 0 1 1 1 1 0 0 0 0 0 0 0 0 0 0 0 0 1 1 0 16 10 13 18 34 48 56 3 42 58 75 10 34 51 20 8 2 24 32 26 40 63 61 37 50 66 72 27 0 
0 0 0 0 0 0 0 0 0 0 0 1 1 1 1 1 0 0 0 0 0 0 0 0 0 0 0 0 1 1 0 16 10 13 18 34 48 56 72 42 58 0 3 27 34 24 8 2 24 32 26 40 63 61 37 50 66 74 10 20 
0 0 0 0 0 0 0 0 0 0 0 0 1 1 1 1 0 0 0 0 0 0 0 0 0 0 0 0 1 0 0 16 10 13 18 34 48 56 72 42 58 80 3 27 34 0 8 2 24 32 26 40 63 61 37 50 66 74 10 82 
0 0 0 0 0 0 0 0 0 0 0 0 0 1 1 1 0 0 0 0 0 0 0 0 0 0 0 0 1 1 0 16 10 13 18 34 39 56 63 50 66 80 72 10 27 20 8 2 24 32 26 37 48 61 42 58 74 82 3 0 
0 0 0 0 0 0 0 0 0 0 0 0 0 0 1 1 0 0 0 0 0 0 0 0 0 0 0 0 0 0 0 13 10 18 26 42 24 56 48 58 74 80 63 87 3 0 8 2 15 32 34 37 39 61 50 66 82 90 72 85 
0 0 0 0 0 0 0 0 0 0 0 0 0 0 1 0 0 0 0 0 0 0 0 0 0 0 0 0 0 0 0 13 10 18 26 42 24 56 48 58 74 80 63 87 3 96 8 2 15 32 34 37 39 61 50 66 82 90 72 85 
0 0 0 0 0 0 0 0 0 0 0 0 0 0 0 0 0 0 0 0 0 0 0 0 0 0 0 0 0 0 0 13 10 18 26 42 24 56 48 58 74 80 63 87 98 96 8 2 15 32 34 37 39 61 50 66 82 90 72 85 
