0 1 0 3 1 5 5 6 1 10 4 7 11 11 7 7 12 12 8 8 4 10 9 9 5 10 10 6 12 8 9 13 11 0 1 14 2 12 12 12 2 3 13 14 2 4 2 5 14 13 14 3 6 14 4 14 15 15 15 15 6 14 15 15 0 0 2 4 1 1 6 10 10 3 2 11 7 5 3 6 8 8 3 12 13 9 4 5 9 11 13 13 7 14 15 10 13 11 11 0 0 0 15 0 15 0 3 3 11 14 10 0 12 14 10 13 0 12 10 13 2 2 3 10 11 3 6 6 2 6 6 12 3 2 10 0 10 3 6 9 15 10 6 4 6 15 11 15 12 9 6 11 15 14 6 9 6 9 0 4 11 2 12 14 10 6 0 0 2 6 0 0 12 15 2 0 3 10 2 10 0 3 6 14 0 0 11 6 13 2 2 4 6 3 2 9 14 6 9 11 
0 1 7 3 8 0 1 3 1 9 10 4 10 10 5 5 11 11 6 7 4 11 7 8 5 8 9 6 13 8 9 13 9 0 8 13 9 11 11 12 9 10 12 14 2 10 2 11 14 13 13 3 11 14 4 14 14 15 15 15 6 14 15 15 7 0 2 4 1 1 2 7 8 10 2 10 5 10 3 11 6 6 3 11 12 7 4 5 8 12 12 12 7 15 15 9 13 10 10 0 0 0 13 0 13 10 10 10 13 0 2 10 9 11 3 10 4 9 10 3 2 3 14 3 13 14 3 6 0 6 6 4 14 2 2 11 2 6 14 6 13 0 14 4 6 3 13 0 9 6 14 13 2 11 6 6 14 6 4 9 13 0 11 15 2 6 0 0 2 6 10 0 0 1 2 4 0 13 2 1 0 3 6 11 4 10 13 6 10 0 9 11 6 0 14 10 9 6 14 13 
0 1 1 3 3 0 1 3 1 9 8 4 10 10 5 5 11 11 6 7 4 12 7 8 5 8 9 6 13 8 9 13 9 0 2 13 4 11 11 12 5 6 12 14 2 9 2 10 14 13 13 3 11 14 4 14 14 15 15 15 6 13 15 15 0 0 2 4 1 1 2 7 8 7 2 10 5 10 3 11 6 6 3 11 12 7 4 5 8 12 12 12 7 14 14 9 13 10 10 0 0 0 13 0 13 10 10 10 14 0 17 10 9 11 3 10 4 9 10 3 2 0 14 3 14 14 3 6 0 6 6 4 14 2 13 11 13 6 14 6 13 13 14 4 6 17 14 17 9 6 14 14 17 11 6 6 14 6 4 9 14 17 11 16 13 6 0 0 2 6 10 0 0 17 2 4 0 0 2 0 0 3 6 11 4 10 14 6 10 17 9 11 6 0 17 10 9 6 14 14 
0 1 0 3 1 0 1 3 1 8 4 4 9 9 5 5 10 10 6 7 4 10 7 8 5 8 9 6 11 8 9 12 9 0 1 12 2 11 11 12 2 3 12 13 2 4 2 5 13 13 13 3 6 13 4 14 14 15 14 14 6 11 15 15 0 0 2 4 1 1 2 7 7 3 2 8 5 5 3 6 6 6 3 10 11 7 4 5 8 10 11 11 7 12 15 9 12 10 10 0 0 0 18 0 18 10 10 10 14 0 13 10 0 17 3 10 4 9 10 3 2 0 14 3 14 14 3 6 0 6 6 4 14 2 13 11 13 6 14 6 18 13 14 4 6 18 14 18 9 6 14 14 18 11 6 6 14 6 4 9 14 17 4 16 13 6 0 0 2 6 10 0 17 18 2 17 0 13 2 13 0 3 6 11 4 10 14 6 10 17 9 11 6 0 9 10 9 6 14 14 
0 0 1 1 3 0 1 3 1 3 10 4 4 5 5 5 6 7 6 7 4 13 7 7 5 8 8 6 14 8 9 10 9 0 2 12 4 9 10 10 5 6 11 12 2 10 2 11 13 11 12 3 12 13 4 13 14 15 14 14 6 14 15 15 0 0 1 2 1 1 2 2 3 10 2 4 5 11 3 12 6 6 3 8 9 7 4 5 8 13 10 10 7 15 15 8 11 9 9 0 0 18 13 18 13 10 10 10 14 18 17 10 18 18 3 10 18 0 10 3 2 9 14 17 14 10 14 6 9 6 6 11 3 2 13 4 13 17 6 14 13 13 6 16 6 19 14 19 4 14 6 14 19 16 6 6 6 6 4 16 14 19 4 16 13 6 0 0 2 6 10 18 0 0 2 0 0 9 2 9 0 3 6 0 0 10 14 6 3 19 4 9 6 9 19 17 4 10 14 14 
0 1 1 3 3 0 0 1 1 8 8 2 8 9 3 3 9 9 5 5 4 11 5 6 5 6 6 6 12 8 9 11 7 0 2 12 4 8 9 9 5 6 10 12 2 9 2 10 13 11 12 3 10 13 4 13 14 15 14 14 6 13 15 15 0 0 2 4 1 1 1 7 7 7 2 8 2 10 3 10 4 4 3 10 10 5 4 5 6 11 10 11 7 14 15 7 11 7 8 0 0 0 13 0 13 10 18 18 14 0 20 10 11 0 10 18 4 11 0 3 2 0 18 0 14 10 18 6 9 6 6 16 14 2 13 16 13 17 14 17 13 13 6 19 6 20 14 9 16 6 6 14 14 19 6 6 6 6 16 19 14 9 16 19 13 6 0 0 2 6 10 0 11 20 2 4 18 0 2 11 10 18 6 4 16 10 14 6 3 9 19 4 6 9 9 3 19 17 14 14 
7 7 1 7 3 0 0 1 1 8 6 1 8 9 2 2 9 9 3 3 4 10 4 4 5 5 5 6 12 8 9 11 6 0 2 12 4 6 7 8 5 5 10 12 2 9 2 10 13 11 12 3 10 13 4 13 14 15 14 14 6 13 15 15 0 0 7 7 1 1 0 8 8 6 2 8 1 9 3 10 2 3 3 9 9 4 4 5 5 11 10 10 7 14 15 5 11 6 6 0 0 4 13 14 13 0 3 0 18 11 18 3 16 4 0 3 11 14 3 10 6 9 3 10 14 3 10 6 9 6 6 16 0 6 13 16 13 19 19 19 13 18 6 19 14 0 18 0 16 6 6 18 5 19 14 6 6 6 16 19 14 9 16 19 13 14 11 16 6 14 10 0 4 13 6 14 10 21 6 4 10 0 14 16 19 0 18 6 0 9 16 19 6 9 9 19 19 3 10 18 
7 7 0 7 1 0 0 1 1 8 4 1 9 9 2 2 9 9 3 3 4 10 4 4 5 5 5 5 12 6 7 11 6 0 1 12 2 8 8 9 2 3 10 12 2 4 2 5 13 11 12 3 6 13 4 13 14 15 14 14 6 13 15 15 0 0 7 8 1 1 0 8 8 3 2 8 1 5 3 6 2 3 3 9 9 4 4 5 5 11 10 10 6 14 15 6 11 6 7 0 4 11 18 16 18 0 3 0 19 14 13 3 4 9 0 3 11 14 3 10 6 9 3 10 14 3 10 19 9 19 6 16 3 6 13 16 13 6 19 6 18 13 6 19 14 18 19 18 16 6 6 19 18 19 14 6 6 6 16 19 6 9 16 19 13 14 14 4 6 14 10 9 11 18 6 16 10 13 6 13 10 0 14 16 19 0 19 6 0 9 16 19 14 9 9 0 19 10 19 19 
7 7 1 7 3 0 0 1 1 8 10 1 8 8 2 2 9 9 3 3 4 13 4 4 5 5 5 5 14 6 7 11 6 0 2 12 4 8 8 9 5 6 10 12 2 10 2 11 13 11 12 3 12 13 4 13 14 15 14 14 6 14 15 15 0 0 7 7 1 1 0 8 8 9 2 8 1 11 3 12 2 3 3 9 9 4 4 5 5 13 10 10 6 15 15 6 11 6 7 0 4 11 23 16 23 0 3 0 19 11 9 3 16 22 0 3 4 16 3 10 6 9 3 10 14 3 10 19 9 19 6 16 3 6 23 16 23 6 19 6 23 23 6 19 14 23 19 23 16 6 6 19 23 19 14 6 6 6 16 19 6 23 16 19 23 14 14 22 6 14 10 4 9 9 6 14 10 9 6 9 10 0 14 19 22 0 19 6 0 23 16 19 14 9 23 0 19 10 19 19 
0 1 0 3 1 0 0 1 1 7 12 1 7 8 2 2 8 8 3 3 4 14 4 4 5 5 5 5 15 6 7 10 6 0 1 10 8 8 8 9 9 10 10 11 2 13 2 13 11 11 12 3 14 11 4 13 14 15 12 12 6 15 12 13 0 0 2 4 1 1 0 5 6 11 2 7 1 13 3 14 2 3 3 9 9 4 4 5 5 14 9 9 6 15 15 6 10 6 7 0 23 23 18 23 18 0 3 0 19 4 9 3 23 4 0 3 16 23 3 10 6 19 3 10 14 3 10 19 9 19 6 16 3 6 13 23 9 6 19 6 9 9 6 16 14 9 19 23 19 6 6 19 16 23 14 6 6 6 16 19 6 16 23 16 13 14 23 23 6 14 10 23 23 9 6 16 10 19 6 9 10 0 14 4 16 0 19 6 0 23 19 23 14 19 23 0 19 10 19 19 
0 1 9 2 11 0 0 0 1 4 12 1 5 6 1 1 6 7 2 3 4 13 3 4 5 4 5 5 14 6 7 8 5 0 10 8 11 6 8 9 11 11 10 9 2 12 2 13 9 11 12 3 13 9 4 13 14 15 9 10 6 14 10 10 8 0 2 3 1 1 0 3 4 12 2 5 1 12 3 13 2 2 3 7 7 3 4 5 4 14 7 8 6 14 15 5 8 6 6 0 26 26 9 26 9 0 3 23 19 26 16 0 26 0 10 23 26 4 23 3 6 23 23 3 14 23 3 19 16 19 6 16 23 6 9 23 16 23 6 6 19 23 6 4 14 19 19 9 16 6 6 19 19 19 14 6 6 6 23 16 6 19 19 23 9 14 0 0 6 14 10 26 0 9 6 0 3 23 6 16 3 10 14 16 19 10 19 6 10 9 23 4 14 23 9 10 19 3 10 19 
1 1 9 2 11 0 0 0 1 4 12 0 5 6 1 1 6 7 2 3 4 13 3 4 5 4 5 5 14 6 7 8 5 0 10 8 11 6 8 9 11 11 10 9 2 12 2 13 9 11 12 3 13 9 4 13 14 15 9 10 6 14 10 10 8 0 2 3 1 1 0 3 4 12 2 5 1 12 3 13 2 2 3 7 7 3 4 5 4 14 7 8 6 14 15 5 8 6 6 0 0 27 9 27 9 0 3 23 19 27 16 26 27 0 10 23 27 4 23 3 6 23 23 3 14 23 3 19 16 19 6 16 23 6 9 23 16 23 6 6 19 23 6 4 14 19 19 9 16 6 6 19 19 19 14 6 6 6 23 16 6 19 19 23 9 14 0 0 6 14 10 27 0 9 6 0 3 23 6 16 3 10 14 16 19 10 19 6 10 9 23 4 14 23 9 10 19 3 10 19 
0 1 9 3 10 0 0 0 1 7 11 1 7 7 1 1 8 8 2 2 4 13 3 3 5 4 4 5 14 6 7 11 4 0 10 12 10 5 5 6 10 11 6 12 2 12 2 12 13 6 6 3 13 13 4 8 9 10 14 14 6 14 15 15 8 0 2 4 1 1 0 5 6 11 2 7 1 12 3 13 2 2 3 8 9 3 4 5 3 14 9 9 6 15 15 4 11 5 5 0 0 0 9 0 16 3 10 27 19 4 23 3 19 23 23 27 16 19 23 27 6 23 10 23 14 3 10 19 19 19 6 6 27 6 9 6 19 23 27 3 23 16 10 8 14 16 19 23 6 23 27 19 19 8 14 6 6 6 6 8 6 23 6 8 9 14 0 0 6 14 23 0 0 19 6 16 10 19 6 16 3 10 14 23 16 3 19 6 27 16 19 23 14 16 19 23 8 3 10 19 
0 1 9 3 10 0 0 0 1 7 11 1 7 7 1 1 8 8 2 2 4 12 3 3 5 4 4 5 13 6 7 9 4 0 10 11 10 5 5 6 10 10 6 11 2 11 2 12 12 6 6 3 12 12 4 8 9 10 13 13 6 13 14 14 8 0 2 4 1 1 0 5 6 11 2 7 1 11 3 12 2 2 3 8 8 3 4 5 3 13 9 9 6 13 14 4 9 5 5 0 0 0 9 0 16 3 10 28 19 16 19 3 23 29 23 28 16 19 23 28 6 30 10 23 14 3 10 19 19 19 6 23 28 6 9 6 19 23 28 3 23 30 10 8 14 23 19 16 6 23 28 19 23 8 14 6 6 6 6 8 6 23 6 8 9 14 0 0 6 14 23 0 0 16 6 19 10 30 6 19 3 10 14 23 29 3 19 6 28 16 16 19 14 30 16 23 29 3 10 19 
0 1 8 3 10 0 0 1 1 5 11 1 6 6 2 2 6 7 3 3 3 12 4 4 4 4 5 4 12 6 6 8 5 0 9 9 10 6 6 6 10 11 7 9 1 12 2 12 10 7 8 2 12 10 3 8 9 9 10 11 5 12 11 11 7 0 2 4 0 1 0 4 5 11 1 5 1 12 2 12 2 3 2 7 7 4 3 3 4 12 8 8 5 13 13 5 9 5 6 0 0 0 9 0 16 3 10 3 14 11 23 10 0 11 3 10 17 16 10 23 6 19 10 14 6 22 3 28 30 6 28 23 19 6 9 19 19 14 19 22 23 16 6 23 28 6 6 8 6 29 6 28 16 8 14 29 6 29 30 6 6 31 8 30 9 14 0 0 28 6 23 17 0 19 19 17 23 7 14 9 23 3 19 19 23 3 19 28 19 23 16 19 28 6 7 14 16 22 3 19 
0 0 8 1 9 0 0 1 1 3 10 1 4 4 2 2 5 5 3 3 3 11 4 4 4 4 5 4 11 6 6 6 5 0 9 7 10 6 6 6 10 10 7 7 1 10 2 10 7 7 8 2 10 8 3 8 9 9 8 8 5 11 9 9 7 0 1 2 0 1 0 2 3 10 1 4 1 10 2 10 2 3 2 5 5 4 3 3 4 11 6 6 5 11 11 5 6 5 6 0 0 27 9 27 23 3 10 3 14 27 16 10 17 27 3 10 0 11 10 23 6 6 10 14 6 22 3 29 8 6 29 17 19 6 9 16 6 14 19 22 7 8 6 19 29 19 6 30 23 30 6 29 32 16 14 30 6 30 19 23 6 9 16 19 9 14 0 0 29 6 23 27 0 9 19 0 23 23 14 31 23 3 19 17 27 3 19 29 19 7 0 11 29 16 19 14 27 22 3 19 
0 0 7 1 8 0 0 1 1 3 10 1 4 4 2 2 5 5 3 3 3 10 4 4 4 4 5 4 10 6 6 6 5 0 8 7 9 6 6 6 9 9 7 7 1 10 2 10 7 7 8 2 10 8 3 8 9 9 8 8 5 10 9 9 7 0 1 2 0 1 0 2 3 10 1 4 1 10 2 10 2 3 2 5 6 4 3 3 4 10 6 6 5 11 11 5 6 5 5 0 0 11 33 11 33 3 23 3 14 11 7 23 11 17 3 23 0 11 23 27 6 30 14 19 6 27 3 30 32 6 30 17 19 6 9 16 9 14 19 22 23 33 6 19 30 8 6 16 23 30 6 30 23 16 14 30 6 30 19 23 6 33 16 19 9 14 0 0 30 6 27 11 0 6 19 0 27 9 14 19 27 3 19 17 0 3 19 30 22 31 4 11 30 6 7 14 28 22 27 19 
0 0 7 1 7 0 0 1 1 2 8 1 3 3 2 2 3 4 3 3 3 10 4 4 4 4 5 4 10 6 6 5 5 0 7 5 8 6 6 6 8 8 7 6 1 9 2 9 6 7 8 2 9 6 3 8 9 9 6 6 5 10 6 7 7 0 0 1 0 1 0 1 2 8 1 2 1 9 2 9 2 3 2 4 4 4 3 3 4 10 4 5 5 10 10 5 5 5 5 0 0 11 19 0 33 3 23 3 14 11 33 23 0 11 3 23 34 0 23 27 6 6 14 19 6 27 3 30 8 6 30 11 19 6 23 34 9 14 19 22 16 19 6 0 30 9 6 19 4 30 6 30 33 11 14 30 6 30 17 28 6 9 34 16 9 14 34 11 30 6 27 34 0 23 19 34 27 16 14 23 27 3 19 11 17 3 19 30 22 7 34 0 30 16 19 14 17 22 27 19 
0 0 7 1 7 0 0 1 1 2 8 1 3 3 2 2 3 4 3 3 3 10 4 4 4 4 5 4 10 6 6 5 5 0 7 5 8 6 6 6 8 8 7 6 1 9 2 9 6 7 8 2 9 6 3 8 9 9 6 6 5 10 6 7 7 0 0 1 0 1 0 1 2 8 1 2 1 9 2 9 2 3 2 4 4 4 3 3 4 10 4 5 5 10 10 5 5 5 5 0 0 11 19 0 33 3 23 3 14 11 33 23 0 11 3 23 35 0 23 27 6 6 14 19 6 27 3 30 8 6 30 11 19 6 23 35 9 14 19 22 16 19 6 0 30 9 6 19 4 30 6 30 33 11 14 30 6 30 17 28 6 9 35 16 9 14 35 11 30 6 27 35 0 23 19 35 27 16 14 23 27 3 19 11 17 3 19 30 22 7 35 0 30 16 19 14 17 22 27 19 
0 0 5 0 6 0 0 1 1 1 7 1 2 2 2 2 2 3 3 3 3 8 4 4 4 4 5 4 9 6 6 4 5 0 5 4 6 6 6 6 6 7 7 4 1 7 2 8 5 7 8 2 8 5 3 8 9 9 6 6 5 9 6 6 5 0 0 1 0 1 0 1 1 7 1 2 1 7 2 8 2 3 2 3 3 4 3 3 4 8 3 4 5 9 9 5 4 5 5 0 0 11 17 37 0 3 23 3 14 37 19 23 11 35 3 23 37 0 23 27 6 23 14 19 6 27 3 30 9 6 30 11 19 6 38 35 17 14 19 22 38 9 6 37 30 23 6 9 11 30 6 30 19 35 14 30 6 30 4 11 6 16 28 35 0 14 35 0 30 6 27 11 35 16 19 0 27 33 14 16 27 3 19 11 35 3 19 30 22 33 37 0 30 19 23 14 17 22 27 19 
0 0 4 0 5 0 0 1 1 1 7 1 2 2 2 2 2 3 3 3 3 8 4 4 4 4 5 4 9 6 6 4 5 0 5 5 6 6 6 6 6 7 7 5 1 7 2 8 5 7 8 2 8 6 3 8 9 9 6 6 5 9 6 6 4 0 0 1 0 1 0 1 1 7 1 2 1 7 2 8 2 3 2 3 3 4 3 3 4 8 3 4 5 9 9 5 4 5 5 0 0 11 17 38 17 3 23 3 14 38 19 23 11 35 3 23 38 0 23 27 6 23 14 19 6 27 3 30 9 6 30 35 19 6 0 11 0 14 19 22 17 9 6 35 30 23 6 9 38 30 6 30 19 4 14 30 6 30 11 28 6 16 35 38 0 14 35 0 30 6 27 11 35 16 19 0 27 33 14 16 27 3 19 11 35 3 19 30 22 33 38 11 30 19 23 14 38 22 27 19 
0 0 4 1 5 0 0 0 1 2 7 1 2 3 1 1 3 3 2 3 3 8 4 4 4 4 5 4 8 6 6 4 5 0 5 5 6 6 6 6 6 7 7 5 1 7 2 7 5 7 8 2 8 5 3 8 9 9 6 6 5 8 6 6 4 0 0 1 0 1 0 1 2 7 1 2 1 7 2 8 2 2 2 3 3 3 3 3 4 8 4 4 5 9 9 5 4 5 6 0 0 11 17 0 17 3 23 38 14 11 19 3 35 0 27 38 4 11 38 23 6 19 14 19 6 38 14 30 33 6 30 28 22 6 0 4 0 19 22 38 17 9 6 11 30 23 6 40 28 30 6 30 16 35 14 30 6 30 4 11 6 40 28 35 0 14 35 11 30 6 27 35 0 16 19 28 23 33 14 9 3 23 19 28 35 38 19 30 22 23 4 11 30 9 16 19 35 38 14 19 
0 0 3 1 4 0 0 1 1 2 5 1 2 3 2 2 3 3 3 3 2 7 4 4 4 4 5 4 7 6 6 4 5 0 3 5 4 6 6 6 4 5 7 5 1 6 1 6 5 7 8 2 7 5 2 8 9 9 6 6 5 7 6 6 2 0 0 1 0 0 0 1 2 5 1 2 1 6 1 7 2 3 2 3 3 3 3 3 4 7 4 4 5 8 8 5 4 5 6 0 0 11 17 0 0 3 23 3 6 11 41 23 35 0 3 23 4 11 19 22 19 19 14 19 6 38 14 30 33 6 30 28 22 6 41 4 17 19 22 38 41 0 6 11 19 0 30 41 28 30 6 14 16 35 30 30 6 30 4 11 6 40 28 35 41 14 35 11 30 38 27 35 0 17 14 28 27 17 38 9 38 14 6 28 35 38 6 30 22 23 4 11 30 9 16 19 35 38 14 19 
0 0 1 0 3 0 1 2 1 1 5 2 1 2 3 3 2 2 4 4 2 7 4 4 4 5 5 4 7 6 6 3 5 0 2 4 3 6 6 6 4 4 7 4 1 5 1 6 4 7 8 2 6 5 2 8 9 9 5 5 5 7 6 6 0 0 0 0 0 0 2 1 1 5 1 1 3 6 1 6 3 3 2 2 3 4 3 3 5 7 3 3 5 7 7 5 4 6 6 0 4 11 0 35 0 23 23 38 6 28 17 41 42 4 19 22 11 28 14 19 19 9 38 41 6 19 22 30 19 6 30 35 41 6 0 11 17 22 38 41 0 17 6 28 19 35 30 11 35 30 6 14 35 4 30 30 6 30 11 28 6 23 4 28 0 14 28 42 30 38 23 4 11 0 14 35 14 0 38 17 38 41 6 35 4 22 6 30 14 16 11 28 30 33 40 38 4 14 19 19 
0 0 1 0 2 0 0 1 1 1 4 2 2 2 2 3 2 3 3 3 2 6 4 4 4 4 5 4 6 6 6 4 5 0 2 4 3 6 6 6 3 3 7 5 1 4 1 5 5 7 8 2 5 5 2 8 9 9 5 6 5 6 6 6 0 0 0 1 0 0 1 1 1 4 1 2 2 5 1 5 3 3 2 3 3 4 3 3 4 6 3 4 5 6 7 5 4 5 6 0 4 11 0 35 44 23 42 42 6 35 17 23 11 28 41 14 35 4 38 41 19 0 19 22 6 41 14 30 17 6 30 11 22 6 0 35 0 19 22 38 17 44 6 4 19 44 30 17 11 30 6 14 41 28 30 30 6 30 43 4 6 35 28 43 0 14 28 4 30 38 23 11 28 0 14 4 38 0 38 35 19 22 6 11 28 14 6 30 38 11 35 4 30 41 9 19 28 38 14 19 
0 0 1 0 2 0 0 2 1 1 4 2 2 2 3 3 2 2 4 4 2 6 4 4 4 5 5 4 6 6 6 3 5 0 2 4 3 6 6 6 3 3 7 4 1 4 1 5 4 7 8 2 5 5 2 8 9 9 5 5 5 6 6 6 0 0 0 1 0 0 1 1 1 4 1 1 3 5 1 5 3 3 2 2 3 4 3 3 5 6 3 3 5 6 7 5 4 6 6 0 4 11 0 35 41 23 43 38 6 28 17 43 4 11 19 22 23 28 14 19 19 0 38 43 6 19 22 30 17 6 30 35 43 6 0 11 0 22 38 43 17 41 6 28 19 41 30 17 35 30 6 14 41 4 30 30 6 30 11 28 6 35 4 28 0 14 28 4 30 38 43 11 23 0 14 35 14 0 38 35 38 43 6 35 4 22 6 30 14 11 11 28 30 41 9 38 4 14 19 19 
0 0 0 0 1 2 2 2 0 1 3 2 1 2 3 3 2 2 4 4 2 4 4 4 4 5 5 4 4 6 6 3 5 0 1 4 2 6 6 6 2 2 7 4 1 3 1 3 5 7 8 1 4 5 2 8 9 9 5 6 5 5 6 6 0 0 0 0 0 0 2 1 1 3 1 1 3 3 1 4 3 3 1 2 2 4 3 3 5 4 3 3 5 5 5 5 4 6 6 0 4 11 47 28 47 14 19 38 43 23 11 43 35 4 19 22 11 28 14 19 6 17 38 43 6 19 22 30 41 6 30 46 43 6 0 28 0 22 38 43 17 41 6 46 14 17 19 41 4 30 6 43 11 28 30 30 6 30 46 4 6 0 28 46 0 14 23 35 30 38 22 4 11 0 6 28 14 35 30 0 38 43 38 35 46 22 6 30 14 35 4 28 30 11 17 38 4 14 19 19 
0 0 0 0 1 2 2 2 0 1 2 2 2 3 3 3 3 4 3 3 2 3 4 4 4 4 4 4 4 6 6 6 5 0 0 7 1 5 5 6 1 2 6 8 1 2 1 3 8 6 6 1 3 8 2 6 6 7 8 9 5 4 9 9 0 0 0 1 0 0 2 1 1 2 1 2 2 2 1 3 3 3 1 4 5 4 3 3 4 3 5 6 5 4 4 5 7 5 5 0 4 23 11 47 0 14 19 38 43 47 17 43 28 4 14 19 28 4 43 46 6 35 19 22 6 43 46 30 0 6 30 28 19 6 35 32 11 43 46 14 35 0 19 6 14 35 19 0 8 22 38 43 17 30 30 43 46 6 32 6 6 11 8 30 0 14 28 4 30 38 22 23 28 11 6 4 46 41 30 11 22 38 38 28 4 14 6 30 38 41 28 4 30 17 35 14 30 22 38 19 
0 0 0 0 1 0 1 2 0 1 2 2 2 3 2 2 3 4 3 3 2 3 3 3 4 4 4 4 4 6 6 5 4 0 0 6 1 4 5 5 1 2 5 6 1 2 1 3 6 5 5 1 3 6 2 6 6 6 6 7 5 4 7 7 0 0 0 1 0 0 2 1 1 2 1 2 2 2 1 3 2 3 1 4 5 3 3 3 3 3 5 5 5 4 4 4 6 4 4 0 4 23 11 47 0 52 52 19 43 47 17 22 28 4 43 46 28 4 19 22 6 35 43 46 6 14 19 30 0 6 30 47 38 6 35 16 11 52 14 19 35 0 22 23 14 35 19 0 28 43 52 43 17 40 30 19 43 52 47 6 6 11 8 30 0 14 28 4 30 38 14 23 28 11 6 4 38 41 30 11 52 14 38 28 4 38 6 30 52 41 28 40 30 17 35 22 4 43 46 19 
0 0 0 1 0 0 0 0 1 3 1 0 4 4 1 1 4 5 1 2 3 3 2 2 5 2 3 5 3 6 6 5 3 0 0 6 1 3 4 4 1 1 4 6 2 2 2 2 6 4 5 3 2 6 4 5 6 6 6 7 5 3 7 7 0 0 1 2 0 1 0 2 3 1 1 4 1 2 2 2 1 1 3 5 5 2 4 4 2 3 5 5 6 3 4 3 6 3 3 0 4 28 11 28 41 19 22 43 30 28 41 46 28 40 19 22 47 4 46 14 52 0 22 38 6 46 14 30 17 30 52 47 22 6 35 16 0 46 14 19 11 17 22 23 6 0 30 17 28 43 19 30 41 40 6 43 19 43 47 6 52 35 8 30 0 14 4 4 52 6 38 28 4 35 52 4 14 11 52 35 38 43 6 16 23 19 30 52 43 11 28 40 6 41 0 19 4 38 43 30 
0 0 0 1 0 0 0 0 1 3 1 0 4 4 1 1 4 5 1 2 3 2 2 2 5 2 3 5 2 6 6 5 3 0 0 6 0 3 4 4 1 1 4 6 2 1 2 2 6 4 5 3 2 6 4 5 6 6 6 7 5 3 7 7 0 0 1 2 0 1 0 2 3 1 1 4 1 1 2 2 1 1 3 5 5 2 4 4 2 2 5 5 6 3 3 3 6 3 3 0 4 28 11 28 41 19 22 43 30 28 35 46 28 40 19 22 47 4 46 14 53 35 22 38 6 46 14 30 52 30 53 47 22 6 35 16 52 46 14 19 0 11 22 23 6 41 30 0 28 43 19 30 17 40 6 43 19 43 47 6 53 0 8 30 0 14 4 4 53 6 38 28 4 17 53 4 14 52 53 11 38 43 6 16 23 19 30 53 43 41 28 40 6 11 17 19 4 38 43 30 
0 0 0 1 0 0 0 0 1 2 1 0 3 3 1 1 3 4 1 2 3 3 2 2 5 2 3 5 3 6 6 5 3 0 0 5 1 3 4 4 1 1 4 5 2 2 2 2 5 4 5 3 2 5 4 5 6 6 6 6 5 3 6 6 0 0 0 1 0 1 0 1 2 1 1 2 1 2 2 2 1 1 3 4 4 2 4 4 2 3 4 4 6 3 4 3 5 3 3 0 4 28 11 4 41 19 22 43 30 28 41 46 4 28 19 22 52 4 46 14 54 0 22 38 6 46 14 30 17 30 54 4 22 6 35 23 0 46 14 19 11 17 22 28 6 0 30 17 40 43 19 30 41 47 6 43 19 43 16 23 54 35 40 47 0 14 52 28 54 6 38 52 4 35 54 52 14 11 54 35 38 43 6 28 40 19 30 54 43 11 47 52 6 41 0 19 16 38 43 30 
0 0 0 1 0 0 0 0 1 2 1 0 3 3 1 1 3 3 1 1 3 2 2 2 5 2 2 5 2 6 6 4 2 0 0 5 0 3 3 3 1 1 4 5 2 1 2 2 5 4 5 3 2 5 4 5 6 6 6 6 5 4 6 6 0 0 0 1 0 1 0 1 2 1 1 2 0 1 2 2 1 1 3 3 4 1 4 4 2 2 4 4 6 5 6 2 4 3 3 0 4 28 11 4 41 19 22 43 30 28 35 46 4 28 14 19 47 52 43 46 54 35 14 19 6 38 43 30 59 30 54 40 62 6 35 16 59 22 38 43 0 11 19 23 6 41 30 0 40 43 19 30 17 47 6 43 19 43 16 23 54 64 40 47 0 14 52 28 54 6 38 52 4 17 54 52 62 59 54 11 22 38 6 63 4 62 30 54 22 41 16 23 6 64 64 46 47 14 19 30 
0 0 0 1 0 0 0 0 1 2 1 0 3 3 1 1 3 4 1 1 3 2 2 2 5 2 2 5 2 6 6 5 2 0 0 5 0 3 3 3 0 1 4 5 2 1 2 1 5 4 5 3 2 6 4 5 6 6 6 6 5 2 6 6 0 0 0 1 0 1 0 1 2 1 1 2 0 1 2 1 1 1 3 4 4 1 4 4 2 2 4 4 6 2 2 2 5 3 3 0 4 28 11 4 41 19 22 43 30 28 17 46 4 47 14 19 64 16 43 46 54 11 14 19 6 38 43 30 35 30 54 16 62 6 35 40 59 22 38 43 65 0 19 47 6 35 30 59 64 43 19 30 0 16 6 43 19 43 23 40 54 41 47 64 0 14 52 28 54 6 38 52 4 11 54 52 62 41 54 65 22 38 6 23 40 62 30 54 22 17 47 64 6 59 65 46 23 14 19 30 
0 0 0 1 0 0 0 0 1 2 1 0 3 3 1 1 3 4 1 1 3 1 2 2 5 2 2 5 3 6 6 5 2 0 0 5 0 3 3 3 0 0 4 5 2 1 2 1 5 4 5 3 1 6 4 5 6 6 6 6 5 4 6 6 0 0 0 1 0 1 0 1 2 1 1 2 0 1 2 1 1 1 3 4 4 1 4 4 2 2 4 4 6 5 6 2 5 3 3 0 4 28 11 4 41 19 22 43 30 28 11 46 4 47 14 19 64 16 43 46 54 67 14 19 6 38 43 30 67 30 54 16 62 6 35 40 59 22 38 43 65 67 19 47 6 17 30 41 64 43 19 30 65 16 6 43 19 43 23 40 54 67 47 64 0 14 52 28 54 6 38 52 4 0 54 52 62 35 54 59 22 38 6 23 40 62 30 54 22 67 47 64 6 67 67 46 23 14 19 30 
0 0 0 2 0 0 0 0 1 3 1 0 3 3 0 1 3 4 1 1 3 1 1 1 5 2 2 5 1 6 6 5 3 0 0 5 0 4 4 4 0 1 5 5 2 1 2 1 5 5 5 3 1 6 4 6 6 6 6 6 5 1 6 6 0 0 0 2 0 1 0 2 2 1 1 3 0 1 2 1 1 1 3 4 4 1 4 4 2 1 4 4 6 1 2 2 5 3 3 0 4 28 11 23 41 19 22 43 30 16 5 46 40 47 67 14 64 16 38 43 54 41 62 67 6 19 43 30 53 30 54 16 19 6 35 40 59 19 43 67 65 0 19 47 6 11 30 28 64 43 67 30 35 16 6 19 43 67 23 40 54 59 47 64 0 14 52 40 54 6 38 47 64 4 54 23 62 17 54 29 19 22 6 23 40 46 30 54 14 52 47 64 6 65 0 67 23 43 67 30 
0 0 0 2 0 0 0 0 1 3 1 0 3 3 0 1 3 4 1 1 3 1 1 1 5 2 2 5 3 6 6 5 3 0 0 5 0 4 4 4 0 0 5 5 2 1 2 1 5 5 5 3 1 6 4 6 6 6 6 6 5 4 6 6 0 0 0 2 0 1 0 2 2 1 1 3 0 1 2 1 1 1 3 4 4 1 4 4 2 2 4 4 6 5 6 2 5 3 3 0 4 28 11 23 41 19 22 43 30 16 4 46 40 47 67 14 64 16 38 43 54 71 62 67 6 19 43 30 71 30 54 16 19 6 35 40 59 19 43 67 65 71 19 47 6 5 30 17 64 43 67 30 29 16 6 19 43 67 23 40 54 71 47 64 0 14 52 40 54 6 38 47 64 0 54 23 62 11 54 28 19 22 6 23 40 46 30 54 14 71 47 64 6 71 71 67 23 43 67 30 
0 0 0 1 0 0 0 0 1 1 0 0 2 2 0 1 2 2 1 2 3 6 2 2 5 3 3 5 6 6 6 3 4 0 0 3 0 4 5 5 0 0 5 4 2 5 2 5 4 5 6 3 5 4 4 6 6 6 4 4 5 6 4 5 0 0 1 1 0 1 0 1 1 0 1 2 0 5 2 5 1 1 3 2 3 2 4 4 3 6 3 3 6 6 6 3 3 4 4 0 64 71 4 23 11 19 22 43 30 71 52 46 23 40 76 19 47 64 76 19 54 16 67 76 6 43 67 30 40 30 54 47 19 6 5 71 28 76 19 43 29 35 67 16 6 23 30 47 23 76 19 30 71 40 6 43 67 76 47 64 54 47 71 16 0 14 16 40 54 6 38 47 64 41 54 16 67 40 54 64 43 67 6 71 16 43 30 54 19 23 23 40 6 64 71 76 64 43 67 30 
0 0 0 1 0 0 0 0 1 1 0 0 2 2 0 1 2 2 1 2 3 6 2 2 5 3 3 5 6 6 6 3 4 0 0 3 0 4 5 5 0 0 5 4 2 5 2 5 4 5 6 3 5 4 4 6 6 6 4 4 5 6 4 5 0 0 1 1 0 1 0 1 1 0 1 2 0 5 2 5 1 1 3 2 3 2 4 4 3 6 3 3 6 6 6 3 3 4 4 0 64 71 4 23 11 14 19 38 30 71 41 43 23 40 67 19 47 64 77 19 54 16 67 77 6 43 67 30 40 30 54 47 19 6 5 71 17 77 19 43 28 29 67 16 6 23 30 47 23 77 19 30 71 40 6 43 67 77 47 64 54 47 71 16 0 30 16 40 76 6 22 47 64 35 54 16 46 40 54 64 43 67 6 71 16 43 30 54 19 23 23 40 6 64 71 77 64 43 67 54 
0 0 0 1 0 0 0 0 1 1 0 0 2 2 0 1 2 2 1 2 3 6 2 2 5 3 3 5 6 6 6 3 4 0 0 3 0 4 5 5 0 0 5 4 2 5 2 5 4 5 6 3 5 4 4 6 6 6 4 4 5 6 4 5 0 0 1 1 0 1 0 1 1 0 1 2 0 5 2 5 1 1 3 2 3 2 4 4 3 6 3 3 6 6 6 3 3 4 4 0 64 71 4 23 11 14 19 38 30 71 41 43 23 40 67 19 47 64 78 19 54 16 67 78 6 43 67 30 40 30 54 47 19 6 5 71 17 78 19 43 28 29 67 16 6 23 30 47 23 78 19 30 71 40 6 43 67 78 47 64 54 47 71 16 0 30 16 40 77 6 22 47 64 35 54 16 46 40 54 64 43 67 6 71 16 43 30 54 19 23 23 40 6 64 71 78 64 43 67 54 
0 0 0 1 5 0 0 0 1 1 5 0 2 2 0 1 2 2 2 2 3 6 3 3 4 4 4 4 6 5 5 3 5 0 0 3 5 5 5 6 5 5 6 4 1 5 2 6 4 6 6 2 6 4 3 6 6 6 4 4 4 6 4 5 0 0 1 1 0 1 0 1 1 5 1 2 0 6 2 6 1 1 2 2 3 2 3 3 3 6 3 3 4 6 6 4 3 5 5 0 64 71 4 23 23 14 19 38 30 71 71 43 23 40 67 19 47 64 19 43 6 40 19 43 6 19 43 30 57 6 30 47 19 6 5 71 40 67 78 6 47 57 19 16 78 81 6 16 23 30 43 78 33 40 30 54 67 78 47 64 54 64 71 16 0 30 16 40 78 6 22 47 64 64 54 16 46 9 30 23 43 67 54 71 16 67 54 78 67 47 23 40 78 71 81 67 64 43 54 54 
0 0 1 1 3 0 0 0 1 1 5 0 2 2 0 1 2 2 2 2 3 6 3 3 4 4 4 4 6 5 5 3 5 0 2 3 4 5 5 6 5 5 6 4 1 5 2 5 4 6 6 2 6 4 3 6 6 6 4 4 4 6 4 5 0 0 1 1 0 1 0 1 1 5 1 2 0 5 2 5 1 1 2 2 3 2 3 3 3 6 3 3 4 6 6 4 3 5 5 0 64 71 88 23 88 14 19 38 30 71 57 43 23 40 67 19 47 64 19 43 6 16 19 43 6 19 43 30 33 6 30 47 19 6 88 71 88 67 78 6 23 40 19 16 78 64 6 81 23 30 43 78 9 40 30 54 67 78 47 64 54 40 71 16 88 30 16 40 78 6 22 47 64 47 54 16 46 71 30 88 43 67 54 71 16 67 54 78 67 23 23 40 78 47 57 67 64 43 54 54 
0 0 4 0 4 0 0 0 1 1 5 1 1 1 1 1 1 1 2 2 3 5 3 3 4 4 4 4 5 5 5 2 4 0 4 2 4 5 5 5 4 4 5 2 1 5 2 5 3 6 6 2 5 3 3 6 6 6 3 3 4 6 3 3 3 0 0 0 0 1 0 0 0 4 1 1 1 5 2 5 2 2 2 1 2 3 3 3 3 5 2 2 4 6 6 4 2 5 5 0 16 23 16 47 40 19 43 91 30 16 16 19 40 47 67 91 64 71 67 91 6 71 43 67 6 19 43 30 88 6 30 47 91 6 23 71 47 54 67 78 64 71 91 88 78 23 6 47 16 6 19 78 64 23 30 30 54 78 40 47 54 9 64 71 88 30 40 64 78 6 67 71 88 88 54 23 43 40 30 57 19 43 54 88 16 19 54 78 91 81 23 40 78 16 23 67 64 19 43 54 
0 0 3 0 3 0 0 0 1 0 4 0 1 1 1 1 1 1 2 2 3 4 2 2 4 3 3 4 5 5 5 2 3 0 3 2 3 4 5 5 4 4 5 2 1 4 2 4 2 6 6 2 4 2 3 6 6 6 2 3 4 5 3 3 3 0 0 0 0 1 0 0 0 4 1 1 1 4 2 4 1 1 2 1 1 2 3 3 3 5 1 2 4 5 5 3 2 4 4 0 16 23 64 47 88 19 43 91 30 95 47 101 23 40 43 67 47 64 19 43 6 95 91 101 6 43 67 30 19 6 30 23 101 6 71 47 95 101 54 78 16 23 101 64 78 64 6 71 71 6 30 78 91 88 30 54 78 101 95 16 54 23 23 40 47 30 40 64 78 6 67 71 88 40 54 16 19 67 30 88 91 101 54 71 88 67 54 78 19 16 95 16 78 40 43 91 40 19 43 54 
0 0 3 0 3 0 0 0 1 0 4 0 1 1 1 1 1 1 2 2 3 4 2 2 4 3 3 4 5 5 5 2 3 0 3 2 3 4 5 5 4 4 5 2 1 4 2 4 2 6 6 2 4 2 3 6 6 6 2 3 4 5 3 3 3 0 0 0 0 1 0 0 0 4 1 1 1 4 2 4 1 1 2 1 1 2 3 3 3 5 1 2 4 5 5 3 2 4 4 0 16 23 64 47 88 19 43 91 30 95 47 102 23 40 43 67 47 64 19 43 6 95 91 102 6 43 67 30 19 6 30 23 102 6 71 47 95 102 54 78 16 23 102 64 78 64 6 71 71 6 30 78 91 88 30 54 78 102 95 16 54 23 23 40 47 30 40 64 78 6 67 71 88 40 54 16 19 67 30 88 91 102 54 71 88 67 54 78 19 16 95 16 78 40 43 91 40 19 43 54 
0 0 2 0 2 0 0 0 1 0 3 0 0 1 1 1 1 1 1 1 2 3 2 3 3 4 4 3 3 4 4 1 5 0 2 1 2 5 5 5 2 2 6 2 1 3 1 3 2 6 6 2 3 2 2 6 6 6 2 2 3 3 2 2 2 0 0 0 0 0 0 0 0 3 1 0 0 3 1 3 1 1 2 1 1 2 2 3 4 3 1 1 3 3 3 4 1 5 5 0 16 23 88 47 95 19 43 91 6 95 19 115 119 16 19 43 23 40 115 125 54 67 125 125 30 78 102 54 88 6 30 95 6 6 91 119 112 78 102 125 115 119 6 16 54 23 78 43 23 30 54 30 64 40 78 78 102 125 43 47 78 91 64 67 71 30 40 64 78 102 67 71 88 16 30 112 125 40 102 47 67 91 6 47 64 19 102 6 54 71 71 88 102 95 112 125 112 30 54 54 
0 0 2 0 2 0 0 0 1 0 3 0 0 1 1 1 1 1 1 1 2 3 2 3 3 4 4 3 3 4 4 1 5 0 2 1 2 5 5 5 2 2 6 2 1 3 1 3 2 6 6 2 3 2 2 6 6 6 2 2 3 3 2 2 2 0 0 0 0 0 0 0 0 3 1 0 0 3 1 3 1 1 2 1 1 2 2 3 4 3 1 1 3 3 3 4 1 5 5 0 16 23 88 47 95 19 43 91 6 95 19 115 119 16 19 43 23 40 115 126 54 67 126 126 30 78 102 54 88 6 30 95 6 6 91 119 112 78 102 126 115 119 6 16 54 23 78 43 23 30 54 30 64 40 78 78 102 126 43 47 78 91 64 67 71 30 40 64 78 102 67 71 88 16 30 112 126 40 102 47 67 91 6 47 64 19 102 6 54 71 71 88 102 95 112 126 112 30 54 54 
0 0 1 0 1 0 0 0 0 0 2 0 0 0 2 3 0 0 4 4 2 2 4 4 2 4 5 2 2 3 3 1 5 0 1 1 1 5 5 6 2 2 6 1 1 2 1 2 1 6 6 1 2 1 2 6 6 6 1 1 3 2 1 1 1 0 0 0 0 0 0 0 0 2 1 0 1 2 1 2 3 3 1 0 1 4 2 2 4 2 1 1 3 2 2 5 1 5 5 0 16 23 119 47 139 19 43 91 126 95 40 149 115 119 149 102 136 139 6 30 6 88 78 102 102 149 6 126 95 54 78 40 54 6 136 47 143 126 149 6 16 19 30 64 30 43 54 64 67 54 78 126 71 71 30 102 126 149 88 91 6 112 95 112 115 30 40 64 78 102 67 71 88 23 6 112 149 47 78 67 126 149 102 143 16 54 54 78 126 91 19 23 30 115 119 30 43 78 102 54 
0 0 1 0 1 0 0 0 0 0 2 0 0 0 2 3 0 0 4 4 2 2 4 4 2 4 5 2 2 3 3 1 5 0 1 1 1 5 5 6 2 2 6 1 1 2 1 2 1 6 6 1 2 1 2 6 6 6 1 1 3 2 1 1 1 0 0 0 0 0 0 0 0 2 1 0 1 2 1 2 3 3 1 0 1 4 2 2 4 2 1 1 3 2 2 5 1 5 5 0 16 23 119 47 139 19 43 91 126 95 40 150 115 119 150 102 136 139 6 30 6 88 78 102 102 150 6 126 95 54 78 40 54 6 136 47 143 126 150 6 16 19 30 64 30 43 54 64 67 54 78 126 71 71 30 102 126 150 88 91 6 112 95 112 115 30 40 64 78 102 67 71 88 23 6 112 150 47 78 67 126 150 102 143 16 54 54 78 126 91 19 23 30 115 119 30 43 78 102 54 
0 0 1 0 1 0 1 3 0 0 1 3 0 0 3 3 0 0 4 4 1 1 4 4 2 4 5 2 1 2 3 0 5 0 1 0 1 5 5 6 1 1 6 0 1 1 1 1 1 6 6 1 1 1 1 6 6 6 1 4 2 1 5 6 1 0 0 0 0 0 2 0 0 1 0 0 3 1 1 1 3 3 1 0 0 4 2 2 4 1 0 0 2 2 2 5 0 5 5 0 16 19 43 40 64 173 173 30 126 67 95 54 88 91 102 126 95 112 6 30 126 143 78 102 54 150 6 78 163 150 6 143 54 6 47 163 67 126 150 6 71 88 30 167 6 112 30 119 16 54 78 102 139 19 150 102 126 150 23 174 102 167 174 174 40 30 23 43 78 102 173 47 64 91 150 71 78 115 54 136 150 173 78 115 119 54 6 30 126 160 136 139 126 16 19 30 160 78 102 54 
0 0 1 0 1 0 1 3 0 0 1 3 0 0 3 3 0 0 4 4 1 1 4 4 2 4 4 2 1 2 3 0 5 0 1 0 1 5 5 5 1 1 5 0 1 1 1 1 1 6 6 1 1 6 1 6 6 6 6 6 2 1 6 6 1 0 0 0 0 0 2 0 0 1 0 0 3 1 1 1 3 3 1 0 0 4 2 2 4 1 0 0 2 1 1 5 0 5 5 0 16 19 23 40 43 174 174 30 126 67 88 54 88 91 102 126 95 112 6 30 126 136 78 102 54 150 174 78 143 150 6 143 30 6 40 163 47 102 126 150 64 67 174 167 6 91 30 112 16 6 30 102 119 126 150 54 78 102 128 150 102 160 152 174 19 30 23 43 78 102 174 47 64 71 150 71 78 95 54 115 150 174 78 115 119 54 6 30 126 139 136 139 126 163 167 6 160 54 78 54 
0 0 1 0 1 2 2 3 0 0 1 3 0 0 3 3 0 0 4 4 1 1 4 4 2 4 4 2 1 2 2 0 5 0 1 0 1 5 5 5 1 1 5 0 0 1 1 1 6 6 6 1 1 6 1 6 6 6 6 6 2 1 6 6 1 0 0 0 0 0 3 0 0 1 0 0 3 1 1 1 3 3 1 0 0 4 1 1 4 1 0 0 2 1 1 5 0 5 5 0 16 19 19 40 40 150 174 30 126 67 71 54 88 91 102 126 95 112 6 30 102 119 78 102 6 150 174 30 139 102 126 143 30 6 23 163 43 102 126 150 47 64 174 167 174 88 6 95 126 6 30 78 115 128 126 54 78 102 150 152 54 143 174 176 16 30 23 43 78 102 6 47 64 67 150 71 78 91 30 112 150 174 54 115 119 54 150 174 126 136 136 139 78 160 163 6 160 54 78 54 
0 0 0 0 0 2 2 3 0 0 0 3 0 0 3 3 0 0 4 4 1 1 4 4 2 4 4 2 1 2 2 3 5 0 0 5 0 5 5 5 0 0 5 6 0 0 1 1 6 6 6 1 1 6 1 6 6 6 6 6 2 1 6 6 0 0 0 0 0 0 3 0 0 0 0 0 3 1 1 1 3 3 1 0 0 4 1 1 4 1 1 2 2 1 1 5 4 5 5 0 16 19 136 40 143 150 174 30 126 67 187 54 88 91 102 126 95 112 6 30 102 43 78 102 6 150 174 30 64 102 126 198 30 6 139 198 160 102 126 150 163 167 174 126 174 191 6 19 128 6 30 78 40 150 126 54 78 102 152 174 54 67 176 198 119 30 23 43 78 102 6 47 64 184 150 71 78 16 30 23 150 174 54 115 198 54 150 174 126 47 198 198 78 71 88 6 198 54 78 54 
0 0 0 0 0 0 1 2 0 0 0 2 5 6 3 3 6 6 3 3 1 0 3 4 2 4 4 2 1 2 2 6 4 0 0 6 0 4 5 5 0 0 5 6 0 0 1 0 6 5 5 1 0 6 1 5 5 5 6 6 2 1 6 6 0 0 0 0 0 0 2 0 0 0 0 0 3 0 1 0 3 3 1 6 6 3 1 1 4 1 6 6 2 1 1 4 6 4 4 0 16 19 91 40 112 198 198 174 126 67 143 198 198 6 30 54 8 30 126 150 102 191 198 6 6 54 78 30 19 102 126 80 126 6 95 104 115 198 6 30 119 136 54 126 174 160 6 167 128 78 102 78 187 150 126 126 150 174 152 174 54 23 176 198 88 30 23 43 78 102 150 47 64 139 150 71 6 163 30 184 78 102 54 32 54 174 150 174 30 16 56 78 78 40 43 102 102 150 174 54 
0 0 0 0 0 2 2 2 0 5 0 2 6 6 3 3 6 6 3 3 1 0 3 4 1 4 4 1 0 2 2 6 4 0 0 6 0 4 5 5 0 0 5 6 0 0 0 0 6 5 5 1 0 6 1 5 5 5 6 6 2 1 6 6 0 0 0 0 0 0 2 0 0 0 0 5 3 0 1 0 3 3 1 6 6 3 1 1 4 0 6 6 2 1 1 4 6 4 4 0 16 19 71 40 91 102 126 174 126 198 136 198 6 8 30 54 30 32 126 150 78 184 198 6 174 54 78 198 191 54 78 102 126 6 88 126 95 198 6 30 112 115 54 128 174 139 198 160 150 78 102 54 167 152 102 126 150 174 174 176 6 16 198 200 67 30 23 43 78 102 150 47 64 119 150 200 6 143 6 163 78 102 30 54 56 174 126 150 30 187 78 80 30 19 23 102 104 150 174 54 
0 1 0 3 0 2 2 2 0 5 0 2 6 6 3 3 6 6 3 3 1 0 3 4 1 4 4 1 0 2 2 6 4 0 0 6 0 4 5 5 0 0 5 6 0 0 0 0 6 5 5 1 0 6 1 5 5 5 6 6 2 0 6 6 0 0 2 4 0 0 2 5 5 0 0 6 3 0 1 0 3 3 1 6 6 3 1 1 4 0 6 6 2 0 0 4 6 4 4 0 222 222 19 222 40 102 126 174 126 222 71 198 8 30 30 54 32 54 126 150 78 119 198 6 174 54 78 198 139 54 78 104 126 6 23 128 43 198 6 30 47 64 54 150 174 88 198 95 152 78 102 54 115 174 102 126 150 174 176 198 6 143 200 222 16 30 222 222 78 102 150 198 200 67 150 6 6 91 6 112 78 102 30 56 78 174 126 150 30 136 80 102 30 160 163 102 126 150 174 54 
