1 0 1 1 2 2 3 2 2 2 3 3 4 4 4 3 0 0 0 1 2 5 0 9 2 0 2 5 1 9 0 5 5 9 2 9 0 10 1 5 
1 0 0 1 1 2 2 2 3 3 3 3 4 3 2 4 0 2 0 1 2 5 10 0 9 1 2 5 2 9 3 5 4 4 9 8 0 0 1 5 
0 0 1 2 1 2 1 2 2 3 2 3 4 2 2 4 0 1 0 1 10 5 0 2 2 0 9 5 1 8 4 4 4 12 9 8 0 12 1 5 
1 0 1 1 1 2 4 1 2 2 2 2 3 3 4 2 0 2 0 0 2 5 0 12 9 4 4 5 12 2 13 5 5 9 7 9 0 0 1 10 
1 0 1 2 1 2 1 1 2 2 2 2 3 3 4 4 0 0 0 0 2 5 0 2 9 4 12 5 12 9 13 5 5 9 5 8 0 10 1 11 
1 0 0 1 1 2 1 1 3 2 3 2 3 4 4 4 0 1 0 0 2 5 10 0 9 9 13 5 9 14 15 5 5 15 5 8 0 12 1 12 
0 0 1 3 2 1 3 1 2 3 4 1 2 4 4 4 0 1 0 0 10 5 8 8 14 3 5 4 9 15 15 13 5 16 5 8 0 2 1 13 
2 0 1 2 2 4 3 0 4 3 4 1 1 4 3 4 0 4 0 0 5 5 8 8 15 8 5 14 9 8 15 4 14 16 15 5 0 7 1 10 
2 0 1 2 2 2 3 0 3 3 4 1 1 4 3 4 0 0 0 0 5 5 8 8 15 18 5 15 18 8 7 4 15 8 15 5 0 10 1 11 
2 0 1 2 2 0 3 0 1 2 3 1 1 3 3 3 0 0 0 0 5 5 8 8 15 19 5 15 19 18 18 4 15 19 15 8 0 10 1 11 
2 0 0 1 2 1 3 0 3 2 3 1 1 3 3 2 0 0 0 0 5 5 19 8 15 19 5 15 8 8 9 4 15 18 15 18 0 10 1 11 
0 0 0 1 2 3 2 0 3 2 3 1 1 3 3 2 0 1 0 0 12 5 10 8 5 8 15 19 9 8 15 4 15 16 5 18 0 19 1 15 
0 0 0 1 2 1 2 0 3 2 3 1 1 3 3 2 0 0 0 0 12 5 10 8 5 19 15 19 8 8 9 4 15 15 5 18 0 23 1 15 
0 0 0 0 2 1 2 0 3 2 3 1 1 3 3 2 0 1 0 0 12 5 10 23 5 19 15 19 8 8 9 5 15 15 5 18 0 9 1 15 
0 0 0 1 0 1 2 0 2 2 3 1 1 3 2 2 0 1 0 0 12 5 10 24 19 19 5 22 25 8 5 5 15 6 15 18 0 9 1 15 
0 0 0 0 0 2 1 0 2 2 2 1 1 2 2 2 1 1 0 0 2 5 0 10 12 17 24 23 18 8 19 5 15 25 5 15 9 19 15 19 
0 0 0 0 0 1 1 0 2 2 2 1 1 2 2 2 0 1 0 0 2 5 0 10 12 19 25 24 17 8 18 5 15 19 5 15 23 9 15 19 
0 0 0 0 0 2 0 1 2 2 2 1 1 2 0 2 1 1 0 0 2 5 0 10 12 9 19 5 15 5 16 15 25 17 22 7 9 19 15 25 
0 0 0 0 0 1 0 1 1 2 2 1 1 2 0 2 0 1 0 0 2 5 0 10 12 19 19 5 29 5 9 15 25 15 22 7 29 9 15 25 
0 0 0 0 0 1 0 1 1 0 1 1 1 2 0 2 0 0 0 0 2 5 0 10 12 9 19 5 19 22 29 15 25 7 29 5 24 32 15 25 
0 0 0 0 0 1 0 1 1 0 2 1 1 2 0 0 0 1 0 0 2 5 0 10 12 19 19 5 29 22 5 15 25 6 29 32 24 9 15 25 
0 0 0 0 0 1 0 1 1 0 1 1 1 2 0 0 0 0 0 0 2 5 0 10 12 9 19 5 19 22 29 15 25 5 29 32 24 34 15 25 
0 0 0 0 0 1 0 1 1 0 1 1 1 1 0 0 0 0 0 0 3 6 1 11 20 9 30 5 19 13 29 15 25 35 33 23 15 25 16 26 
0 0 0 0 0 0 0 0 0 1 1 1 1 1 1 1 0 0 0 0 2 5 12 22 19 24 29 33 32 28 9 5 15 19 25 35 0 14 15 25 
0 0 0 0 0 0 1 0 0 0 1 1 1 1 1 1 0 0 0 0 19 5 2 12 29 24 25 34 32 22 9 5 15 19 35 28 4 14 15 25 
0 0 0 0 0 0 1 0 1 0 1 1 1 1 1 1 0 0 0 0 19 5 2 12 29 24 25 35 9 22 19 5 15 38 35 28 4 14 15 25 
0 0 0 0 0 0 1 0 0 1 1 1 1 1 1 1 0 0 0 0 19 5 2 38 27 13 25 34 14 28 9 5 15 19 35 38 4 12 15 23 
0 0 0 0 0 0 1 0 1 1 1 1 1 1 1 1 0 0 0 0 17 5 28 38 43 4 25 34 9 28 19 5 15 45 35 38 2 3 13 24 
0 0 0 0 1 1 1 0 1 1 1 0 1 1 1 1 0 1 0 0 17 5 28 38 15 38 25 34 39 18 45 43 5 46 35 28 2 9 13 24 
1 0 0 0 1 1 1 0 1 0 1 0 1 1 1 1 0 1 0 0 15 5 18 28 25 28 35 34 29 38 38 44 5 39 45 18 2 9 14 24 
1 0 0 0 1 1 1 0 1 0 1 0 1 1 1 1 1 1 0 0 15 5 18 28 25 29 35 34 38 38 39 45 5 48 45 18 9 28 14 24 
1 0 0 0 1 1 1 0 1 0 1 0 1 1 1 1 0 1 0 0 15 5 18 28 25 28 35 34 29 38 38 45 5 39 45 18 49 9 14 24 
1 0 0 0 1 1 1 0 1 0 1 0 0 1 1 0 1 1 0 0 5 5 18 28 15 18 25 34 19 38 28 44 53 29 35 48 8 9 14 24 
1 0 0 0 1 1 1 0 1 0 1 0 0 1 1 0 1 1 0 0 5 5 18 28 15 18 25 34 19 38 28 44 54 29 35 48 8 9 14 24 
1 0 0 0 1 1 1 0 1 0 1 0 0 1 1 0 1 1 0 0 5 5 18 28 15 18 25 34 19 38 28 44 55 29 35 48 8 9 14 24 
1 0 0 0 1 1 1 0 1 0 1 0 0 1 1 0 0 1 0 0 5 5 18 28 15 9 25 34 18 38 19 44 55 28 35 48 59 8 14 24 
0 0 0 0 1 1 1 0 1 0 1 0 0 1 1 0 0 1 0 0 64 5 18 28 5 9 15 34 18 38 19 44 55 28 25 48 59 8 14 24 
0 0 0 0 1 1 1 0 1 0 1 0 0 1 1 0 0 1 0 0 65 5 18 28 5 9 15 34 18 38 19 44 55 28 25 48 59 8 14 24 
0 0 0 0 1 1 1 0 1 0 1 0 0 1 1 0 0 0 0 0 65 5 18 28 5 8 15 34 9 38 18 44 55 19 25 48 59 68 14 24 
0 0 0 0 1 1 1 0 1 0 1 0 0 1 1 0 0 0 0 0 65 5 18 28 5 8 15 34 9 38 18 45 55 19 25 68 49 59 14 24 
0 0 0 0 0 1 0 0 1 0 1 0 0 1 1 0 0 1 0 0 64 5 18 28 67 9 74 34 15 38 16 44 55 17 5 48 59 8 14 24 
0 0 0 0 0 1 0 0 1 0 1 0 0 1 1 0 0 1 0 0 64 5 18 28 67 9 75 34 15 38 16 44 55 17 5 48 59 8 14 24 
0 0 0 0 0 1 0 0 1 0 1 0 0 1 1 0 0 0 0 0 64 5 18 28 67 8 75 34 9 38 15 44 55 16 5 48 59 78 14 24 
0 0 0 0 0 1 0 0 1 0 1 0 0 1 1 0 0 0 0 0 64 5 18 28 67 8 75 34 9 38 15 45 55 16 5 78 49 59 14 24 
