0 10 0 0 12 1 2 4 12 13 13 6 13 14 15 8 5 5 6 7 9 10 11 17 12 19 19 9 19 23 15 24 17 20 19 12 20 1 22 20 21 3 14 21 4 22 22 15 22 23 16 7 23 23 23 8 18 18 24 24 24 24 10 11 1 10 11 11 2 3 12 2 5 13 3 14 14 7 15 4 16 6 17 15 16 17 8 18 9 13 20 21 22 14 16 20 18 21 19 21 4 4 0 6 5 0 0 4 4 1 0 4 4 4 0 4 0 6 6 0 4 8 8 0 8 0 1 6 7 1 8 1 8 7 5 1 5 6 0 8 5 0 1 8 0 5 8 5 7 0 5 6 7 5 8 6 1 5 5 0 7 9 0 0 4 5 5 4 4 4 0 6 4 5 6 5 0 4 1 6 1 0 1 4 0 5 0 0 0 8 1 1 1 8 8 0 8 0 8 7 
0 0 0 0 11 1 2 4 3 12 4 6 5 7 8 8 5 5 6 7 9 16 16 11 17 12 16 9 13 20 18 21 19 14 20 11 21 1 15 22 22 3 12 22 4 23 23 13 16 22 14 7 23 23 24 8 15 15 24 24 24 24 10 11 1 10 10 1 2 3 2 2 5 12 3 13 6 7 13 4 14 6 14 9 10 15 8 12 9 17 17 18 19 18 19 13 20 14 21 15 4 10 0 6 8 0 0 4 10 1 10 4 10 10 10 4 0 6 6 0 4 5 9 4 5 4 1 6 0 1 9 1 9 0 9 5 9 6 4 2 5 0 8 9 0 2 5 8 0 1 5 6 1 9 2 6 5 8 9 1 5 6 0 0 4 5 8 10 4 4 10 6 4 5 6 1 10 4 5 6 1 0 8 10 4 1 0 0 0 9 1 1 1 5 5 4 5 4 5 0 
0 12 0 0 11 1 2 2 15 12 16 3 16 17 18 4 5 5 6 7 4 5 5 19 6 20 16 9 21 20 7 21 8 22 9 11 17 1 23 18 19 3 12 20 4 21 22 13 23 23 14 7 24 22 23 8 15 15 23 24 24 24 10 11 0 10 10 13 1 1 14 2 2 12 3 13 17 3 13 4 14 6 14 18 19 15 8 20 9 6 17 18 19 7 8 21 9 22 16 22 4 0 0 6 8 0 0 4 0 1 5 4 6 6 5 4 0 6 6 0 10 4 10 6 4 6 1 6 5 1 10 1 10 1 10 5 9 6 1 9 9 0 8 9 0 9 2 8 5 6 5 6 1 9 2 6 5 8 9 2 3 9 0 0 10 5 8 0 4 10 0 6 10 5 6 1 5 10 5 6 1 0 8 6 5 1 0 5 0 10 1 1 1 4 4 6 4 5 9 6 
0 12 0 0 3 1 2 4 14 4 15 6 15 16 16 8 5 5 6 7 9 14 14 17 15 18 12 9 18 14 16 15 17 19 18 2 19 1 20 20 20 3 6 21 4 21 22 9 20 21 10 7 21 22 23 8 12 12 23 21 24 24 10 11 1 0 1 13 2 3 14 2 5 5 3 7 16 7 8 4 10 6 11 17 17 11 8 18 9 15 13 13 13 16 17 19 18 19 19 20 4 0 0 6 10 0 0 4 7 10 0 4 7 5 6 4 0 6 6 0 4 5 9 6 5 5 8 6 6 1 9 1 9 5 9 10 9 6 5 2 9 0 10 2 0 9 2 10 6 1 8 6 5 9 2 6 1 5 9 6 3 9 0 0 4 10 10 0 4 4 0 6 4 10 6 10 1 4 10 6 5 0 5 1 5 8 0 1 0 9 1 5 8 2 2 1 2 6 2 1 
0 2 0 0 5 0 1 4 5 6 6 6 7 9 10 8 4 4 5 6 9 14 14 11 15 12 12 8 13 14 16 15 17 14 18 4 19 1 15 20 20 2 8 21 3 21 22 10 15 15 11 6 16 22 23 7 12 12 23 16 24 24 9 9 1 2 3 3 2 3 4 1 5 7 2 9 8 7 10 3 10 5 11 10 11 11 7 12 8 15 13 13 13 16 17 13 18 14 19 14 4 13 0 6 10 10 6 4 13 10 13 4 13 13 0 4 0 6 6 0 4 5 9 13 5 13 8 6 0 1 9 1 9 0 9 10 9 0 0 2 9 0 10 2 0 9 2 5 7 13 1 6 1 9 2 6 1 5 9 5 3 9 0 6 4 10 10 13 4 4 13 10 4 10 6 10 13 4 1 6 8 0 5 13 0 8 0 0 0 9 1 5 8 2 2 13 2 7 2 13 
0 0 0 0 5 0 1 3 17 6 17 4 17 18 18 5 4 4 5 6 5 6 6 19 7 20 12 8 20 14 8 15 9 21 13 4 13 1 22 14 14 2 8 14 3 15 15 10 22 23 10 6 23 15 16 7 11 11 16 23 24 24 9 9 1 2 3 1 2 2 16 1 3 7 2 9 18 4 10 3 10 5 11 19 19 11 7 20 8 7 12 12 13 8 9 21 12 21 13 22 4 10 0 6 12 11 6 4 3 12 9 4 14 9 14 4 0 6 6 0 10 4 10 14 4 9 1 6 14 1 10 1 10 9 5 12 13 0 9 5 9 0 12 13 0 5 9 5 14 3 12 6 9 13 2 6 8 12 9 14 3 9 0 6 4 12 12 10 4 10 14 11 10 12 6 12 3 10 1 6 8 0 1 3 9 5 0 3 0 10 5 8 1 4 4 3 13 14 9 3 
0 2 0 0 3 0 1 10 3 4 4 10 4 5 16 11 4 4 5 6 11 12 12 17 12 18 10 8 19 14 13 15 14 20 15 3 16 1 21 17 18 2 5 19 3 20 21 6 22 22 7 6 23 22 23 7 9 9 24 23 24 24 9 9 0 2 2 2 1 1 3 1 10 4 2 5 5 11 6 3 7 5 8 16 17 8 7 18 8 13 11 12 13 13 14 19 14 20 15 21 4 4 0 6 8 12 6 2 11 5 4 9 11 11 3 5 0 12 12 0 9 2 5 9 9 9 13 12 3 13 9 13 5 3 2 5 14 0 9 14 14 0 5 14 0 14 14 8 3 9 8 12 3 14 14 12 5 8 14 9 3 9 0 12 10 5 8 11 4 10 4 12 5 8 12 8 4 2 5 12 5 0 5 9 3 8 0 3 0 2 13 13 13 5 2 9 9 9 9 3 
0 0 0 0 3 0 1 2 3 4 4 4 5 7 16 6 4 4 5 6 10 10 11 17 11 18 10 8 19 14 13 15 14 20 15 3 16 1 21 17 18 2 5 19 3 20 21 6 22 22 7 6 23 22 23 7 9 9 24 23 24 24 9 9 0 2 2 1 1 1 2 1 3 4 2 5 6 5 6 3 7 5 8 16 17 8 7 18 8 12 11 12 13 12 13 19 14 20 15 21 4 12 0 6 8 13 6 11 4 5 4 11 4 4 3 11 0 13 13 0 2 9 2 9 9 9 13 13 3 13 2 13 2 3 2 5 14 0 9 14 14 0 5 14 0 14 14 8 3 9 8 13 3 14 14 13 5 8 14 9 3 9 0 13 10 5 8 12 4 10 4 13 11 8 13 8 4 11 5 13 5 0 5 9 3 8 0 3 0 2 13 13 13 9 9 9 9 9 9 3 
0 0 0 0 3 0 1 2 3 4 4 4 5 7 8 6 4 4 5 6 10 10 11 16 11 17 10 8 18 14 13 15 14 19 15 3 16 1 20 17 18 2 5 19 3 20 21 6 21 21 7 6 22 22 23 7 9 9 24 22 23 23 9 9 0 2 2 1 1 1 2 1 3 4 2 5 6 5 6 3 7 5 8 9 16 8 7 17 8 12 11 12 13 12 13 18 14 19 15 20 4 17 0 6 8 13 6 11 17 5 17 11 17 17 17 11 0 13 13 0 2 9 2 9 9 9 13 13 3 13 2 13 2 3 2 5 14 0 9 14 14 0 5 14 0 14 14 8 3 9 8 13 3 14 14 13 5 8 14 9 3 9 0 13 10 5 8 17 4 10 17 13 11 8 13 8 17 11 5 13 5 0 5 17 3 8 0 3 0 2 13 13 13 9 9 9 9 9 9 3 
0 16 0 0 3 0 1 1 17 4 18 2 18 19 20 4 4 4 5 6 5 6 7 20 8 21 10 8 21 14 10 15 11 22 12 3 13 1 22 14 14 2 5 15 3 15 16 6 23 23 7 6 23 17 18 7 9 9 19 23 24 24 9 9 0 2 2 16 0 1 17 1 1 4 2 5 19 3 6 3 7 5 8 20 20 8 7 21 8 9 11 12 13 10 11 21 12 22 13 22 4 3 0 6 8 13 6 10 9 5 3 17 9 9 3 17 0 13 13 0 17 17 17 15 17 9 13 13 14 13 9 13 9 3 9 5 9 0 15 2 9 0 5 2 0 9 14 8 3 9 8 13 14 14 14 13 5 8 14 15 3 9 0 13 10 5 8 9 17 4 3 13 17 8 13 8 3 17 5 13 5 0 5 9 14 8 0 3 0 17 13 13 13 2 2 15 2 9 2 14 
0 13 0 0 2 0 1 1 14 2 15 2 15 16 16 4 4 4 5 6 5 6 6 17 7 17 7 8 18 9 8 9 9 18 10 2 11 1 19 11 11 2 3 12 3 12 12 4 19 19 5 6 20 13 14 7 6 6 15 20 20 20 9 9 0 0 1 13 0 1 14 1 1 3 2 3 16 3 4 3 4 5 5 16 17 5 7 17 8 7 7 8 8 8 9 18 10 18 10 19 4 3 0 6 8 13 6 10 9 17 3 21 9 9 14 21 0 13 13 0 21 17 21 9 17 15 5 13 3 5 21 8 21 14 9 5 2 0 9 9 14 0 8 2 0 9 14 8 14 15 5 13 3 14 14 13 5 8 14 9 14 15 0 13 10 17 17 9 21 4 3 13 21 5 13 17 3 21 5 13 17 0 8 15 3 17 0 14 0 21 8 5 8 17 17 9 2 15 14 3 
0 9 0 0 2 0 1 1 12 2 13 2 13 14 14 4 4 4 5 6 5 6 7 15 8 16 6 8 16 8 9 8 9 16 10 2 10 1 17 11 11 2 3 11 3 11 12 4 17 17 5 6 17 13 14 7 6 6 15 18 18 18 9 9 0 0 1 12 0 1 12 1 1 3 2 3 13 3 4 3 4 5 5 14 15 5 7 15 8 8 7 7 7 9 9 16 10 16 10 17 4 7 0 6 8 13 6 10 23 21 3 17 9 3 9 17 0 13 13 0 17 17 17 9 17 3 21 13 9 5 9 8 22 15 9 5 22 0 9 2 9 0 8 14 0 22 14 8 14 15 5 13 23 14 14 13 5 8 14 3 9 14 0 13 10 21 21 3 17 4 9 13 17 5 13 21 23 17 5 13 21 0 8 23 3 21 0 23 0 22 5 8 21 5 17 14 2 23 14 3 
0 8 0 0 2 0 1 2 12 2 13 4 13 14 14 6 4 4 5 6 7 7 8 15 8 16 6 8 16 8 9 9 10 16 10 1 11 0 17 11 11 2 3 11 3 12 12 4 17 17 4 6 17 13 14 7 5 6 15 18 18 18 9 9 0 1 1 9 0 1 12 1 3 2 2 3 13 5 3 3 4 5 5 14 15 5 7 15 8 8 6 7 7 9 9 16 10 16 10 17 4 7 0 6 5 13 0 17 23 8 3 17 9 3 9 17 0 13 13 0 9 17 5 9 9 3 8 13 9 22 9 22 2 15 14 22 2 21 9 9 14 0 5 22 0 2 14 5 14 15 22 13 23 14 14 13 22 5 14 3 9 14 0 13 10 5 8 7 17 17 9 13 17 22 13 8 23 17 22 13 8 0 5 23 3 8 0 23 0 17 22 5 22 5 17 14 9 23 22 3 
0 6 0 0 1 0 1 4 7 2 7 6 8 8 9 7 3 3 4 4 7 8 8 12 8 13 7 7 13 9 9 9 10 14 10 1 11 1 15 11 11 2 3 12 2 12 12 4 15 16 5 5 16 13 14 5 6 6 15 16 16 16 8 9 1 0 0 6 2 3 7 1 5 2 2 3 8 7 4 3 5 4 6 9 9 6 5 13 6 9 7 8 8 9 10 14 10 14 11 15 17 0 0 13 8 22 13 17 7 5 25 17 0 25 0 9 13 22 13 22 17 5 9 23 17 9 1 13 23 1 17 22 9 9 22 5 9 0 9 14 22 0 5 2 22 9 14 8 23 3 8 0 9 14 14 22 8 22 14 14 15 23 13 13 17 5 8 25 17 17 0 22 17 8 13 8 7 5 5 0 5 0 1 7 25 5 13 3 13 5 22 1 22 9 2 3 14 23 2 3 
0 0 0 0 1 0 1 4 3 2 4 6 5 7 7 7 3 3 4 4 7 7 7 9 8 11 7 7 12 9 8 9 9 12 9 1 10 1 13 10 10 2 3 11 2 11 12 4 14 14 5 5 14 13 14 5 6 6 15 15 15 15 8 9 1 0 0 1 2 3 2 1 5 2 2 3 6 6 4 3 5 4 6 8 8 6 5 11 6 8 7 8 8 8 9 12 9 13 10 13 17 26 0 13 8 22 13 17 26 5 26 17 26 0 7 5 13 22 13 22 9 17 25 0 5 23 1 13 3 1 25 22 9 23 25 5 9 0 23 14 22 0 5 2 22 14 14 8 3 9 8 0 23 14 14 22 8 22 14 3 9 23 13 13 17 5 8 26 17 17 26 22 17 8 13 8 0 25 5 0 5 0 1 0 7 5 13 9 13 9 22 1 22 17 5 9 17 3 2 9 
0 10 0 0 1 0 1 2 10 2 11 3 11 11 12 4 3 3 4 4 4 5 5 12 5 13 8 7 13 9 6 9 7 14 7 1 8 1 14 8 9 2 3 9 2 9 10 4 14 14 6 5 15 11 12 5 7 7 13 15 15 15 8 9 0 0 0 10 1 1 10 1 2 2 2 3 11 3 4 3 6 4 6 12 12 7 5 13 6 5 8 8 9 6 6 13 7 14 8 14 17 3 0 13 8 22 13 17 27 5 3 17 9 27 3 17 13 22 13 22 26 5 9 27 17 9 1 13 23 22 9 25 5 3 17 5 9 0 15 17 5 0 5 9 22 17 14 8 23 27 22 0 3 14 14 22 22 25 14 9 14 15 13 13 26 5 8 9 17 26 23 22 26 8 13 8 23 26 5 0 1 0 25 9 23 1 13 3 13 26 22 25 1 5 17 27 9 9 5 14 
0 0 0 0 0 0 1 2 3 1 4 3 5 7 8 3 3 3 4 4 3 4 4 8 4 8 8 7 8 9 5 9 5 9 5 0 6 1 9 6 6 2 1 7 2 7 7 2 9 9 6 5 10 7 8 5 7 7 9 10 10 10 8 9 1 0 0 1 2 2 2 1 3 1 2 1 6 3 2 3 6 4 6 8 8 7 5 8 6 4 8 8 9 4 5 9 5 9 6 9 17 33 0 13 29 22 13 29 33 5 33 9 33 33 5 26 13 22 13 22 29 5 9 18 17 30 1 13 33 22 5 25 17 6 29 26 9 0 29 17 29 0 26 5 22 9 17 8 30 33 22 0 3 29 9 22 22 25 9 9 14 15 13 13 17 5 8 33 17 26 33 22 5 8 13 29 33 17 5 0 1 0 25 6 17 1 13 29 13 26 22 25 1 29 9 5 26 17 5 18 
1 0 0 0 0 0 1 2 1 0 2 3 2 2 2 3 3 3 4 4 3 4 4 3 4 3 8 7 3 9 5 9 5 4 6 0 7 1 4 7 7 2 1 8 2 8 8 1 4 4 6 5 5 9 9 5 7 7 9 5 5 5 8 9 1 0 0 0 2 2 1 1 2 0 2 1 2 3 1 3 6 4 6 2 3 7 5 3 6 4 8 8 9 5 5 3 6 4 6 4 33 17 0 13 29 22 13 33 18 32 5 9 6 18 29 33 13 22 13 22 37 9 26 6 33 18 1 13 29 22 26 25 37 5 33 26 9 0 18 33 37 0 5 9 22 33 37 29 29 30 22 0 5 9 33 22 22 25 37 6 17 18 13 13 37 5 8 18 9 26 17 22 37 36 13 8 17 26 26 0 1 0 25 30 5 1 13 17 13 37 22 25 1 9 33 30 9 6 37 17 
0 1 0 0 4 0 1 0 1 5 2 1 2 2 2 1 2 2 3 3 1 2 2 3 2 3 8 7 3 9 3 9 4 4 5 4 6 0 4 7 7 1 5 8 2 8 8 6 4 4 6 3 5 9 9 5 7 7 9 5 5 5 8 9 0 4 4 1 0 0 1 1 0 5 1 5 2 1 6 2 6 3 7 2 3 7 4 3 6 3 8 8 9 3 4 3 5 4 6 4 5 17 0 13 37 22 0 29 30 1 5 5 6 18 29 26 22 36 13 22 33 9 26 6 33 18 1 13 29 25 33 37 33 5 33 25 33 36 18 9 33 22 25 9 0 22 33 22 29 30 37 36 5 9 22 13 25 37 33 6 17 18 13 13 9 1 22 18 17 26 29 13 33 22 36 37 17 9 1 13 25 0 1 30 5 22 13 17 13 9 25 37 1 26 9 30 9 6 9 17 
0 1 0 0 2 0 1 0 1 2 2 1 2 2 2 1 4 4 5 6 2 2 3 3 3 3 7 8 3 9 5 9 5 4 6 1 7 0 4 7 7 2 3 8 3 8 8 4 4 4 4 6 5 9 9 7 6 6 9 5 5 5 9 9 0 1 1 1 0 0 1 1 0 2 2 3 2 1 3 3 4 5 5 2 3 5 7 3 8 4 7 8 8 4 5 3 6 4 6 4 5 17 0 13 1 22 13 29 30 22 5 5 6 18 29 33 13 37 37 13 9 33 9 6 33 18 1 37 29 1 9 25 33 5 22 25 9 37 18 22 33 13 1 9 13 22 33 1 29 30 25 37 5 9 22 37 1 25 33 6 17 18 13 37 9 1 22 18 17 26 29 37 33 25 37 22 17 9 25 37 22 13 1 30 5 25 13 17 13 9 25 1 25 33 22 30 9 6 33 17 
0 0 0 0 2 0 1 1 0 2 0 1 0 0 1 2 4 4 5 6 2 3 3 1 3 1 7 8 1 9 4 9 5 2 5 1 6 0 2 6 6 2 3 7 3 7 7 4 8 8 4 6 9 7 8 7 6 6 8 9 9 9 9 9 0 1 1 0 0 0 0 1 1 2 2 3 0 2 3 3 4 5 5 1 1 5 7 1 8 4 7 8 8 4 5 1 5 2 6 2 9 5 0 13 1 22 13 9 18 22 29 46 30 42 5 33 13 37 37 13 46 9 33 18 46 30 1 37 41 1 46 25 22 5 46 25 22 37 18 33 46 13 1 9 13 22 33 1 33 47 25 37 9 46 9 37 1 25 22 23 33 47 13 37 26 1 22 6 33 46 17 37 33 25 37 22 41 9 25 37 22 13 1 6 17 25 13 29 13 9 25 1 25 33 9 42 33 6 9 17 
0 0 0 0 1 0 1 1 0 2 0 1 0 0 1 2 4 4 5 6 2 2 2 7 3 8 6 8 8 7 3 7 4 8 4 1 5 0 9 5 5 2 2 6 3 6 6 3 9 9 4 6 9 6 7 7 5 5 7 9 9 9 9 9 0 0 1 0 0 0 0 1 1 2 2 3 0 1 3 3 4 5 4 1 7 5 7 8 8 3 6 6 7 3 4 8 4 8 5 8 9 5 0 13 49 22 13 9 18 1 29 33 30 42 5 9 13 37 37 13 22 33 46 47 9 9 1 37 23 25 46 49 22 33 46 25 22 37 3 33 46 13 49 9 13 22 33 49 9 23 25 37 27 46 9 37 25 49 22 33 47 51 13 37 26 49 1 6 33 46 17 37 22 25 37 1 41 46 25 37 1 13 49 6 33 1 13 3 13 22 25 49 1 33 9 27 33 47 9 51 
0 0 0 0 1 0 1 1 3 2 4 1 5 7 7 2 4 4 5 6 2 2 2 8 3 8 6 8 8 7 3 7 4 8 4 1 5 0 9 5 5 2 2 6 3 6 6 3 9 9 4 6 9 6 7 7 5 5 7 9 9 9 9 9 0 0 1 1 0 0 2 1 1 2 2 3 6 1 3 3 4 5 4 7 8 5 7 8 8 3 6 6 7 3 4 8 4 8 5 9 9 57 0 13 49 22 13 9 57 1 57 33 57 33 47 9 13 37 37 13 22 33 46 9 9 27 1 37 33 25 46 49 22 51 46 25 22 37 9 33 46 13 49 9 13 22 33 49 23 27 25 37 33 46 9 37 25 49 22 47 51 57 13 37 26 49 1 57 33 46 57 37 22 25 37 1 57 46 25 37 1 13 49 57 3 1 13 23 13 22 25 49 1 33 9 47 33 57 9 3 
0 5 0 0 1 0 1 0 5 1 6 1 6 6 6 1 4 4 5 6 1 2 2 6 2 7 4 8 7 8 3 9 3 7 3 1 4 0 7 4 4 2 2 4 3 4 5 2 8 8 3 6 8 5 5 7 4 4 5 8 8 8 9 9 0 0 0 5 0 0 5 1 1 1 2 2 6 1 2 3 3 5 3 6 6 3 7 7 8 2 5 6 7 2 3 7 3 7 4 7 9 33 0 13 25 22 13 57 57 49 3 22 9 27 33 46 13 37 37 13 57 9 22 57 33 9 61 37 23 61 9 61 33 33 57 1 22 37 57 33 46 13 1 50 13 57 2 61 3 9 25 37 23 9 22 37 1 25 26 27 33 47 13 37 26 49 61 47 33 46 51 37 9 61 37 25 23 33 49 37 1 13 49 47 51 61 13 3 13 46 61 61 61 57 22 27 46 47 9 51 
0 3 0 0 0 0 1 0 3 0 3 0 3 3 3 1 3 3 4 4 1 1 1 4 1 4 8 6 4 9 1 9 1 4 2 0 2 1 4 2 2 2 2 2 2 2 2 5 4 5 7 5 5 2 2 5 8 8 3 5 5 5 6 7 0 0 0 3 0 0 3 1 0 1 2 3 3 1 4 3 6 4 7 3 4 7 5 4 6 1 8 9 9 1 1 4 2 4 2 4 9 9 13 37 73 61 37 57 33 85 47 81 51 71 75 9 37 61 37 61 22 26 33 9 46 27 61 37 33 61 70 85 81 51 9 49 26 13 75 33 46 13 85 50 61 57 70 85 81 3 37 13 9 74 81 61 13 37 2 23 27 33 61 13 22 1 25 23 33 46 27 61 70 85 37 85 57 2 85 13 85 13 61 81 3 85 37 23 13 50 85 13 37 57 74 47 2 57 22 71 
0 1 0 0 3 0 1 0 1 4 2 0 2 2 2 0 2 2 3 3 0 0 0 2 0 2 7 4 2 8 1 8 1 2 1 2 1 0 3 1 1 1 5 8 2 9 9 6 3 3 6 3 3 9 9 4 7 7 9 3 3 3 5 5 0 0 1 1 0 0 1 1 0 5 1 5 2 0 6 2 6 3 6 2 2 7 4 2 4 0 7 8 8 1 1 2 1 2 1 3 2 81 13 37 109 61 13 33 105 109 3 50 9 27 33 70 61 85 37 61 74 81 94 57 98 75 85 85 81 61 9 85 26 99 46 109 57 85 9 70 74 61 85 110 13 14 38 37 23 27 85 85 33 62 86 37 37 61 110 47 51 57 13 37 9 109 109 95 22 26 99 37 46 61 85 109 23 57 13 37 61 13 109 47 51 13 13 71 61 105 109 13 37 2 22 95 33 105 50 3 
0 0 0 0 3 0 0 0 1 4 1 0 1 1 1 0 2 2 2 2 0 0 0 1 0 1 6 3 1 7 7 7 7 1 8 2 8 0 1 8 8 1 4 9 1 9 9 5 2 2 5 3 2 9 9 3 6 6 9 2 2 2 4 4 0 0 1 0 0 0 0 1 0 4 1 4 1 0 5 1 5 2 5 1 1 5 3 1 3 0 6 6 6 7 7 1 8 1 8 1 2 119 13 37 133 61 109 33 3 61 9 50 23 33 47 70 13 37 85 109 74 81 94 71 98 81 61 109 95 13 86 37 134 105 38 133 86 85 129 110 134 37 109 14 85 38 62 37 3 9 85 13 23 86 110 61 13 37 134 27 33 47 13 37 9 133 133 123 22 26 129 13 46 85 61 133 27 57 13 109 61 61 109 51 57 133 37 75 85 105 85 109 133 62 110 99 14 119 62 123 
0 0 0 0 3 0 0 6 0 3 0 6 0 0 0 6 1 1 2 2 7 7 7 0 7 0 5 3 0 6 7 6 8 1 8 2 8 0 1 8 9 1 4 9 1 9 9 4 1 1 4 2 1 9 9 2 5 5 9 1 1 1 3 3 0 0 1 0 0 0 0 0 6 3 1 4 0 6 4 1 4 2 4 0 0 5 2 0 3 7 5 5 5 7 8 0 8 1 8 1 2 33 13 37 109 61 109 62 57 133 71 110 75 95 99 158 109 133 37 61 14 38 62 123 86 143 85 37 147 13 158 37 38 3 86 157 134 85 27 158 14 13 13 38 61 62 86 85 33 47 133 85 51 110 134 133 37 61 158 57 71 75 61 85 9 157 157 47 22 26 51 133 86 157 37 37 81 134 61 85 109 13 157 105 119 13 109 129 13 110 109 133 157 134 14 153 62 9 110 23 
5 0 0 0 3 0 0 6 0 3 0 6 0 0 0 6 1 1 1 2 6 6 6 0 7 0 4 2 0 5 7 5 7 0 7 2 8 0 0 8 8 0 3 8 1 8 8 3 0 0 4 2 0 8 9 2 4 4 9 1 1 1 2 3 5 0 1 0 5 5 0 0 6 3 1 3 0 6 3 1 4 1 4 0 0 4 2 0 2 7 4 5 5 7 7 0 7 0 8 0 110 3 13 37 37 61 109 14 27 61 33 62 47 57 71 110 85 109 157 13 134 158 182 95 14 105 157 133 119 61 86 85 134 129 182 181 38 85 153 62 86 157 109 110 37 134 158 181 167 171 37 37 177 182 14 85 109 133 38 3 9 23 157 13 134 181 181 9 158 182 23 133 38 85 13 133 51 86 157 61 13 133 61 75 81 85 61 99 109 38 181 13 37 62 110 123 158 143 14 147 
