0 0 2 8 3 2 3 4 5 6 11 12 7 14 13 13 1 1 8 9 4 9 10 5 10 6 11 7 14 12 3 0 0 2 0 3 3 3 3 0 0 0 0 1 0 2 3 0 0 0 0 2 0 0 2 3 2 3 0 2 
8 0 2 1 3 10 10 10 10 6 6 8 7 11 9 9 9 1 0 2 4 3 4 5 5 11 7 11 11 8 4 0 0 3 0 0 1 2 3 0 3 0 0 3 0 2 4 0 3 3 0 3 3 0 3 0 3 1 2 2 
6 0 1 4 1 7 7 8 8 3 6 7 3 9 8 8 6 0 4 4 2 5 5 2 5 9 6 9 9 7 4 0 0 2 3 4 5 4 5 0 0 0 3 3 0 2 5 3 0 4 0 0 2 3 4 0 2 1 2 2 
0 0 1 4 1 2 3 6 6 3 6 7 3 8 8 8 1 0 4 4 2 5 5 2 5 7 6 7 8 7 6 0 0 2 3 6 6 4 5 0 0 0 3 5 0 2 6 3 0 4 0 0 2 3 4 4 2 5 4 2 
4 0 1 1 1 5 6 7 8 3 5 6 3 8 7 7 4 0 0 2 2 3 4 2 4 8 5 8 8 6 4 0 0 6 3 5 5 5 0 0 0 0 3 5 0 2 5 3 6 6 0 6 0 3 2 1 2 2 3 2 
0 0 1 1 1 2 3 4 5 3 5 6 3 8 7 7 1 0 0 2 2 3 4 2 4 6 5 7 8 6 6 0 0 7 3 6 6 5 5 0 0 0 3 1 0 2 6 3 7 7 0 7 0 3 2 5 2 5 0 2 
4 0 1 0 1 5 5 6 6 3 3 4 3 6 5 5 4 0 0 1 2 1 2 2 2 6 3 6 6 4 5 0 0 8 3 5 9 0 1 0 6 0 3 9 0 2 9 3 6 6 0 8 6 3 8 2 8 3 5 2 
4 0 0 1 1 4 5 5 5 2 3 3 3 5 4 4 4 0 0 2 1 2 2 1 2 5 3 5 5 3 5 0 8 6 0 10 0 1 2 0 3 7 0 10 0 2 9 3 6 3 3 5 7 8 9 3 5 5 9 9 
0 0 0 1 1 2 3 4 4 2 3 3 3 5 4 4 1 0 0 2 1 2 2 1 2 4 3 5 5 3 11 0 8 6 0 11 11 5 9 0 3 7 0 2 0 2 11 3 6 3 3 5 7 8 9 10 5 0 1 9 
0 0 0 1 1 0 1 1 1 2 2 3 3 4 3 3 0 0 0 2 1 2 2 1 2 2 3 3 4 3 6 0 8 11 0 13 6 7 13 0 11 5 0 1 9 11 7 3 11 3 3 5 7 8 9 13 3 13 0 7 
1 0 0 0 1 2 2 2 4 2 2 3 3 8 3 3 1 0 0 0 1 1 2 1 2 5 2 6 7 3 11 0 8 13 0 8 11 13 16 0 9 3 0 16 9 15 13 3 11 15 3 15 3 8 5 16 15 16 16 5 
0 0 0 1 0 1 1 1 2 2 3 3 3 8 4 5 0 0 1 2 1 2 2 1 2 2 3 6 7 3 11 0 8 16 15 8 11 13 8 0 3 9 0 16 16 16 13 3 9 3 0 5 9 3 16 11 5 16 16 16 
0 0 0 1 0 1 2 3 4 2 2 3 3 8 3 3 0 0 0 1 1 1 2 1 2 5 2 6 7 3 11 0 8 9 15 8 5 5 16 0 16 3 0 16 16 19 13 3 19 16 0 19 3 3 9 16 19 16 16 9 
0 0 1 0 1 2 3 4 4 3 2 2 3 6 3 3 1 0 0 0 2 1 1 2 1 5 2 5 6 3 5 0 0 9 19 5 5 16 21 0 3 16 19 21 9 16 5 19 3 16 0 3 9 19 16 16 9 21 16 3 
0 0 1 0 1 1 1 2 2 3 2 2 3 4 3 3 0 0 0 0 2 1 1 2 1 3 2 3 4 3 3 0 0 16 19 3 5 3 5 0 9 23 19 21 16 23 5 19 9 23 0 9 16 19 23 3 16 5 16 9 
0 0 0 0 1 1 1 2 2 2 2 3 2 3 3 3 0 0 0 1 1 1 2 1 2 2 3 3 3 3 3 0 23 16 0 3 5 3 5 0 23 2 19 24 16 20 5 19 9 9 19 16 9 23 16 25 0 5 23 9 
0 0 0 0 1 0 0 1 1 2 1 2 2 3 3 3 0 0 0 0 1 0 1 1 1 1 1 1 2 2 3 0 23 16 0 29 40 3 5 0 26 9 19 40 16 20 5 19 9 26 19 33 9 23 16 29 33 40 40 16 
0 0 0 0 0 0 0 0 0 1 2 3 1 1 3 3 0 0 0 1 1 1 2 1 2 0 2 0 0 3 3 0 23 40 43 9 10 26 27 23 40 16 43 3 40 44 5 19 16 16 0 40 16 19 20 29 44 33 34 20 
0 0 0 0 0 0 0 0 0 1 2 2 1 3 3 3 0 0 0 1 0 1 1 1 2 0 2 0 0 3 3 0 23 40 43 9 10 26 27 19 20 44 23 45 20 40 5 19 16 16 47 40 44 0 16 29 40 33 34 16 
0 0 0 0 0 0 0 0 0 1 2 2 1 3 3 3 0 0 0 1 0 1 1 1 2 1 2 2 3 3 3 0 23 40 43 9 10 26 64 19 20 44 23 64 20 40 5 19 16 16 47 40 44 0 16 64 40 64 45 16 
0 0 0 0 0 2 2 3 3 1 1 2 1 3 2 2 0 0 0 0 0 1 1 0 1 3 1 3 3 2 3 0 23 40 43 64 69 16 21 0 64 16 19 69 40 44 5 19 16 64 47 16 40 67 44 40 68 45 64 20 
0 0 0 0 0 2 2 3 3 0 1 1 1 3 2 2 2 0 0 0 0 1 1 0 1 3 1 3 3 2 3 0 23 40 43 64 69 16 21 71 44 68 0 69 20 40 45 19 16 64 47 16 20 67 40 40 64 45 64 16 
0 0 0 0 0 2 2 2 2 0 1 1 1 3 2 2 1 0 0 0 0 1 1 0 1 3 1 3 3 2 88 0 23 40 43 45 64 69 88 71 44 68 0 45 20 40 88 19 16 64 47 16 20 67 40 16 64 21 40 16 
