5 1 2 7 8 4 1 5 13 3 13 11 14 6 4 15 0 12 6 3 0 5 2 12 9 10 14 6 15 7 1 4 4 1 1 4 0 4 1 0 3 1 3 4 0 3 4 1 1 4 0 0 0 3 1 1 1 0 1 0 
5 6 7 7 8 13 1 14 2 3 3 11 5 15 4 12 5 0 6 8 0 13 2 1 9 10 4 14 12 15 1 5 5 1 1 1 0 1 4 0 4 1 4 1 0 3 0 4 1 5 0 3 0 4 1 1 4 3 1 3 
0 7 8 2 3 10 1 10 7 3 7 5 8 11 4 9 6 6 1 9 0 10 2 6 4 5 8 11 9 11 4 3 3 4 4 1 0 6 1 0 5 4 5 3 0 5 3 1 4 3 0 3 0 5 4 1 1 1 1 6 
0 7 8 2 3 10 1 10 7 3 7 5 8 11 4 9 6 6 1 9 0 10 2 6 4 5 8 11 9 11 5 3 3 5 5 1 0 6 1 0 5 5 5 3 0 5 3 1 5 3 0 3 0 5 5 1 1 1 1 6 
0 7 8 2 3 8 1 9 6 3 6 5 7 9 4 8 6 5 1 8 0 9 2 6 4 5 7 9 7 10 1 3 3 1 1 8 5 3 5 5 7 6 5 8 5 1 3 4 1 6 5 1 5 1 1 1 1 6 7 1 
0 6 6 2 3 7 1 8 7 3 8 5 10 8 4 12 6 5 1 7 0 7 2 6 4 5 9 8 11 9 1 3 6 1 1 3 6 1 8 6 8 5 8 6 6 8 1 8 1 1 6 6 6 8 1 1 8 3 8 1 
0 2 3 2 3 5 1 6 7 3 8 5 10 6 4 12 1 0 1 4 0 5 2 6 4 5 9 6 11 6 1 11 11 1 1 9 6 1 8 6 8 6 8 6 6 8 11 10 1 11 6 11 6 8 1 1 8 3 8 11 
0 6 6 2 3 6 1 7 2 3 3 5 5 7 4 7 5 0 1 6 0 7 2 1 4 5 4 7 6 8 1 1 3 1 1 11 6 3 11 6 11 6 11 11 6 8 9 11 1 6 6 1 6 11 1 1 11 6 8 1 
0 2 3 1 2 5 1 6 3 3 4 5 5 6 4 6 1 1 0 4 0 6 2 2 3 4 5 6 5 6 1 3 3 11 11 3 6 3 1 6 1 11 5 11 6 8 3 1 11 3 6 1 6 1 11 11 1 6 8 13 
0 3 3 2 2 4 0 5 3 1 4 5 4 6 2 5 2 3 1 4 0 5 1 3 3 4 4 5 5 6 1 3 14 1 11 14 11 6 8 11 1 11 8 1 6 8 14 1 1 3 6 3 6 5 11 11 5 14 1 3 
0 1 3 2 2 4 0 4 3 1 3 5 4 5 2 5 0 2 1 3 0 4 1 3 3 4 4 5 5 5 1 15 3 1 11 1 11 6 8 11 14 11 14 3 6 14 15 14 1 6 6 3 6 1 11 11 8 1 8 6 
0 3 3 2 2 4 0 5 2 1 3 5 4 5 2 5 3 0 1 4 0 4 1 1 3 4 3 5 4 5 1 3 6 1 11 3 11 1 14 11 8 11 8 6 6 8 1 15 1 1 6 6 6 15 11 11 14 3 14 15 
0 0 1 2 2 2 0 3 4 1 4 4 5 3 2 5 0 3 1 1 0 2 1 4 3 3 5 3 5 4 15 3 1 11 15 1 11 1 14 11 16 11 11 6 6 15 1 8 15 3 6 3 6 8 11 15 8 3 13 1 
0 0 0 2 2 0 0 1 2 1 3 4 4 1 1 5 0 1 1 0 0 1 0 2 3 3 3 1 4 1 15 3 21 11 15 27 11 3 32 6 8 11 8 25 11 8 1 32 15 25 6 1 30 8 11 15 32 21 32 27 
