2 0 3 0 1 1 0 1 4 2 2 3 4 4 3 11 5 11 10 5 10 1 1 11 5 1 5 2 5 1 
2 0 3 2 1 3 0 0 4 2 1 3 4 4 1 12 5 12 2 5 2 1 10 12 5 1 5 2 5 10 
3 0 4 2 1 2 0 0 4 2 1 3 3 4 1 12 5 2 2 5 12 1 11 12 5 1 5 2 5 11 
0 0 1 2 1 3 0 0 2 2 1 3 4 4 1 10 5 10 13 5 13 1 12 2 5 1 5 13 5 12 
1 0 1 0 1 3 0 0 1 2 1 3 4 4 2 1 5 3 10 5 14 1 13 11 5 13 5 14 5 13 
0 0 1 0 0 0 1 2 1 1 3 2 4 3 4 0 5 2 2 13 10 14 14 12 5 14 5 15 5 5 
0 0 1 0 0 0 1 2 1 1 3 2 4 3 4 0 5 2 2 14 11 15 15 12 5 15 5 15 5 5 
0 0 0 0 0 0 2 3 4 1 3 1 4 2 4 0 5 10 2 15 12 15 5 18 5 15 15 15 5 5 
0 0 0 0 0 0 2 3 4 1 3 1 4 2 4 0 5 21 2 15 12 15 5 18 5 15 15 15 5 5 
0 0 0 0 0 0 2 3 4 1 3 1 4 2 4 0 5 22 2 15 12 15 5 18 5 15 15 15 5 5 
0 0 1 0 0 0 2 3 4 1 3 1 4 2 4 12 5 24 2 15 23 15 5 18 5 15 15 15 5 5 
2 0 3 0 0 1 2 3 4 1 3 1 4 2 4 25 5 25 24 15 24 15 5 18 5 15 15 15 5 5 
4 0 4 1 0 2 2 2 4 0 3 1 3 1 3 5 5 7 25 15 25 5 15 15 23 5 5 25 15 15 
3 0 3 3 0 3 1 2 4 0 2 1 3 1 2 8 5 18 5 15 15 25 5 5 24 15 5 25 15 25 
3 0 3 3 0 3 1 2 3 0 2 1 3 1 2 8 5 18 5 15 15 25 5 28 25 15 5 25 15 25 
1 0 2 0 0 3 1 2 3 0 2 1 3 1 2 35 5 35 34 15 5 25 5 8 25 15 5 15 15 25 
2 0 3 1 0 2 0 1 3 0 2 1 2 1 2 28 5 5 35 15 25 34 25 7 25 5 5 35 15 15 
2 0 2 2 0 2 1 1 3 0 1 0 2 1 2 18 5 28 15 15 25 15 25 5 25 35 34 35 5 5 
2 0 2 2 0 2 1 1 2 0 1 0 2 1 2 18 5 28 15 15 25 15 25 38 25 35 35 35 5 5 
1 0 2 0 0 2 1 1 2 0 1 0 2 1 2 45 5 18 44 15 15 15 25 28 25 35 35 25 5 5 
2 0 2 1 0 2 0 1 2 0 1 0 2 1 1 8 5 18 45 15 5 44 15 25 25 25 35 15 5 35 
2 0 2 1 0 2 1 1 2 0 1 0 2 0 1 8 5 18 45 15 5 5 15 25 25 25 35 15 44 35 
1 0 2 1 0 2 1 1 2 0 1 0 2 0 1 48 5 8 45 15 5 5 15 18 25 25 35 15 45 35 
