2 3 0 2 3 1 0 3 4 3 4 4 1 4 4 1 2 4 0 2 2 3 3 0 1 2 0 0 9 2 10 5 9 3 13 9 11 5 13 5 11 0 1 10 5 12 5 12 11 0 
2 1 0 2 3 4 0 3 3 3 3 4 1 4 4 1 0 2 2 2 2 3 4 0 1 2 10 0 9 2 2 5 9 0 14 12 8 5 14 4 12 10 0 12 5 13 5 3 12 0 
0 2 0 1 2 3 0 2 3 3 3 4 1 4 4 1 2 3 3 2 2 3 3 0 1 10 12 0 10 2 4 5 9 9 15 12 8 5 15 4 13 0 2 0 5 14 5 14 13 0 
2 2 0 3 3 3 0 3 3 4 3 4 1 4 2 1 2 2 2 0 1 2 4 0 1 10 3 0 4 7 18 5 15 2 5 12 8 5 15 15 14 1 13 5 10 10 6 18 14 0 
2 2 0 3 3 1 0 3 3 4 4 4 1 4 2 1 2 2 1 1 1 2 2 0 0 10 4 0 4 7 10 5 15 18 5 8 18 5 15 15 15 2 13 0 1 11 6 19 10 15 
3 2 0 3 3 1 0 3 2 4 4 4 1 4 2 1 2 2 0 1 1 2 1 0 0 4 8 0 7 14 0 5 17 18 5 8 18 5 15 14 15 2 12 20 1 11 4 10 10 15 
3 1 0 3 3 1 0 3 2 4 4 4 1 4 2 1 0 2 1 1 1 2 2 0 0 4 20 0 7 14 10 5 17 18 5 8 18 5 15 14 15 20 8 0 1 11 4 2 10 15 
0 2 0 1 3 1 0 3 3 4 4 4 1 4 2 1 2 3 1 1 1 2 2 0 0 20 18 0 20 5 10 5 15 18 5 8 18 5 15 14 15 8 8 0 1 11 4 2 10 15 
2 3 0 2 2 1 0 2 4 3 4 4 1 3 1 1 3 4 1 0 1 1 4 0 0 4 18 0 7 14 10 5 17 7 5 15 17 5 15 20 15 8 5 0 20 1 11 9 10 15 
2 3 0 2 2 1 0 2 4 3 4 4 1 3 1 1 3 4 0 0 1 1 1 0 0 4 18 0 7 14 0 5 17 7 5 15 17 5 15 21 15 8 5 20 21 1 11 10 10 15 
2 3 0 2 2 0 0 2 4 3 4 4 1 3 1 1 3 4 0 0 0 1 0 0 1 4 18 5 7 14 10 15 17 7 5 15 17 15 15 11 21 8 5 0 1 11 1 20 21 5 
2 1 0 2 2 0 0 2 3 3 3 3 1 3 1 1 0 2 0 0 0 1 1 0 1 4 20 5 7 15 10 15 24 8 5 18 25 15 15 11 22 20 18 0 1 11 1 0 22 5 
0 2 0 1 2 0 0 2 3 2 3 3 1 3 1 1 2 3 0 0 0 1 1 0 1 20 18 5 20 5 10 15 15 15 25 17 25 15 5 11 23 8 8 0 1 11 1 0 23 5 
0 2 0 1 2 0 0 2 3 2 3 3 1 3 1 1 2 3 0 0 0 1 0 0 1 21 18 5 21 5 10 15 15 15 25 17 25 15 5 11 24 8 8 0 1 11 1 20 24 5 
1 1 0 1 2 0 0 2 2 2 2 3 1 3 1 1 1 2 0 0 0 0 0 0 1 12 20 5 22 5 10 15 15 18 25 28 8 15 5 1 25 10 8 0 1 11 21 20 25 5 
1 1 0 1 2 0 0 2 1 2 2 2 1 3 1 1 0 1 0 0 0 0 0 0 1 12 10 5 22 5 10 15 15 30 25 8 18 15 5 1 25 30 20 0 1 11 21 20 25 5 
0 1 0 1 1 0 0 1 2 2 2 2 1 2 1 1 1 2 0 0 0 0 0 0 1 30 20 5 12 22 10 15 30 18 5 25 27 15 15 1 25 10 8 0 1 11 21 20 25 5 
0 1 0 1 1 0 0 1 2 2 2 2 1 2 1 1 1 2 0 0 0 0 0 0 1 31 20 5 12 22 10 15 31 18 5 25 27 15 15 1 25 10 8 0 1 11 21 20 25 5 
1 1 0 1 1 0 0 1 1 2 2 2 1 2 0 1 1 1 0 0 0 0 0 0 1 2 10 5 12 22 10 15 32 30 5 8 18 15 15 31 25 0 20 0 1 11 21 20 25 5 
0 0 0 1 1 0 0 1 1 2 1 1 1 2 1 1 0 1 0 0 0 0 2 0 1 22 30 5 2 12 10 15 22 10 5 20 30 15 15 32 25 20 0 0 1 11 32 8 25 5 
0 1 0 0 1 0 0 1 1 1 2 2 1 1 1 1 0 1 0 0 0 0 2 0 1 22 0 5 30 2 10 15 12 20 22 5 7 15 30 33 25 20 10 0 1 11 33 9 25 5 
0 1 0 0 1 0 0 1 1 1 2 2 1 1 1 1 0 1 0 0 0 0 0 0 1 22 0 5 31 2 10 15 12 20 22 5 7 15 31 34 25 20 10 0 1 11 34 30 25 5 
0 0 0 0 1 0 0 1 1 1 1 1 1 1 1 1 0 1 0 0 0 0 2 0 1 22 30 5 32 2 10 15 12 10 22 20 30 15 32 35 25 20 0 0 1 11 35 5 25 5 
0 0 0 0 0 1 0 1 1 1 1 1 1 1 1 1 0 0 0 0 1 1 1 0 0 12 20 5 22 32 20 15 2 0 12 10 33 5 22 35 15 10 30 0 1 25 29 39 25 35 
0 0 0 0 0 0 0 0 0 1 1 1 1 1 1 1 0 0 0 1 1 1 1 0 0 2 10 5 12 22 31 15 32 41 2 22 33 5 12 39 15 0 20 30 25 29 35 24 25 35 
0 0 0 0 0 1 0 0 0 1 1 1 1 1 1 1 0 0 0 1 1 1 1 0 0 2 10 5 12 22 24 15 32 42 2 22 33 5 12 39 15 0 20 30 25 29 35 43 25 35 
0 0 0 0 0 1 0 0 1 0 1 1 1 1 1 1 0 1 0 1 1 1 1 0 0 2 10 5 12 22 14 15 32 22 42 33 43 5 2 39 15 0 12 20 25 29 35 24 25 35 
0 0 0 0 0 1 0 0 1 1 1 1 1 1 1 1 0 1 1 0 1 1 1 0 0 2 10 5 12 22 14 15 32 12 29 22 32 5 38 42 15 0 2 4 42 25 34 24 25 35 
0 0 0 0 0 1 0 0 1 1 1 1 1 1 1 1 0 1 1 0 1 1 1 0 0 2 41 5 12 22 14 15 32 12 29 22 32 5 38 43 15 0 2 4 43 25 34 24 25 35 
0 1 0 0 0 1 0 0 1 1 1 1 1 1 1 1 0 1 1 0 1 1 1 0 0 2 2 5 12 22 14 15 32 22 29 32 42 5 38 44 15 42 12 4 44 25 34 24 25 35 
0 1 0 0 0 1 0 0 1 1 1 1 1 1 1 1 0 1 0 0 1 1 1 0 0 2 2 5 12 22 4 15 32 22 28 32 42 5 38 45 15 42 12 44 45 24 34 14 25 35 
0 0 0 0 1 0 0 1 1 1 1 1 0 1 1 1 0 0 0 1 1 1 0 0 0 2 32 5 12 18 34 15 28 2 37 12 22 45 47 43 5 22 42 24 14 24 33 44 25 35 
0 0 0 0 1 0 0 1 0 1 1 1 0 1 1 1 0 0 0 1 1 1 0 0 0 2 32 5 12 18 34 15 27 52 37 2 12 45 47 43 5 22 42 24 14 23 33 44 25 35 
0 0 0 1 1 0 0 1 0 1 0 1 0 1 1 1 0 0 0 1 1 1 0 0 0 53 12 5 17 27 14 15 37 32 47 42 2 45 53 43 5 2 22 4 13 23 33 24 25 35 
0 0 0 1 1 0 0 1 0 1 0 0 0 1 1 1 0 0 0 1 1 1 0 0 0 54 12 5 17 27 14 15 37 32 47 42 52 45 54 43 5 2 22 4 13 23 33 24 25 35 
0 0 0 1 1 0 0 1 0 1 0 0 0 1 1 1 0 0 0 1 1 1 0 0 0 55 12 5 17 27 14 15 37 32 47 42 52 45 55 43 5 2 22 4 13 23 33 24 25 35 
1 0 0 1 1 0 0 1 0 1 0 0 0 1 1 1 0 0 0 0 1 1 1 0 0 17 12 5 27 37 14 15 44 32 47 42 52 45 55 33 5 2 22 4 55 13 23 58 25 35 
1 0 0 1 1 0 0 1 0 1 1 1 0 1 1 0 0 0 0 1 1 1 0 0 0 7 12 5 17 44 14 15 47 32 54 28 38 45 57 34 55 2 22 4 3 13 24 24 25 35 
0 0 0 1 1 0 0 1 1 1 1 1 0 1 1 0 0 1 0 1 1 1 0 0 0 63 12 5 44 47 14 15 54 18 57 28 38 45 63 34 55 2 8 4 4 14 24 22 25 35 
0 0 0 1 1 0 0 1 1 1 1 1 0 1 1 0 0 1 0 1 1 1 0 0 0 64 12 5 44 47 14 15 54 18 57 28 38 45 64 34 55 2 8 4 4 14 24 22 25 35 
0 0 0 1 1 0 0 1 1 1 1 1 0 1 1 0 0 1 0 1 1 1 0 0 0 65 12 5 44 47 14 15 54 18 57 28 38 45 65 34 55 2 8 4 4 14 24 22 25 35 
1 0 0 1 1 0 0 1 1 1 1 1 0 1 1 0 0 1 0 0 1 1 1 0 0 34 12 5 37 44 14 15 47 18 55 28 58 45 65 24 55 2 8 4 65 4 14 68 25 35 
1 1 0 1 1 0 0 1 1 1 1 1 0 1 1 0 0 1 0 0 1 1 0 0 0 34 8 5 37 44 3 15 47 28 55 58 68 45 65 24 55 68 18 2 64 4 14 4 25 35 
1 0 0 1 1 1 0 1 1 1 1 1 0 1 1 0 0 1 0 0 1 1 1 0 0 34 74 5 37 44 19 15 47 58 55 68 74 45 65 25 55 68 8 2 64 4 15 29 25 35 
0 1 0 1 1 1 0 1 1 1 1 1 0 1 1 0 0 1 0 0 1 1 1 0 0 74 8 5 35 45 19 15 55 48 65 58 68 45 74 25 55 68 38 2 64 4 15 29 25 35 
0 1 0 1 1 1 0 1 1 1 1 1 0 1 1 0 0 1 0 0 1 1 1 0 0 75 8 5 35 45 19 15 55 48 65 58 68 45 75 25 55 68 38 2 64 4 15 29 25 35 
1 1 0 1 1 1 0 1 1 1 1 1 0 1 1 0 0 1 1 0 0 1 1 0 0 25 28 5 35 45 19 15 55 48 65 58 68 45 75 15 55 68 38 9 64 75 5 78 25 35 
1 1 0 1 1 0 0 1 1 1 1 1 0 1 1 0 1 1 0 0 0 1 1 0 0 25 38 5 35 45 79 15 55 58 65 68 78 45 75 15 55 28 48 69 65 75 5 9 25 35 
