1 1 2 3 0 3 2 4 4 4 0 1 0 0 0 2 1 0 2 4 
0 1 2 1 0 3 2 5 4 6 0 2 0 0 1 3 2 5 4 5 
4 1 4 0 0 1 2 5 3 5 5 3 6 0 2 0 3 5 5 6 
0 1 3 0 0 2 1 4 3 4 0 0 7 1 3 5 4 5 5 6 
1 1 1 0 0 1 2 3 0 3 0 5 1 0 4 2 5 5 2 6 
1 1 1 0 0 0 2 1 1 2 0 5 4 0 5 2 5 9 2 9 
0 1 0 0 0 1 2 1 1 2 4 5 12 2 5 9 5 4 2 9 
0 1 1 0 0 1 2 1 0 2 4 4 2 2 5 8 5 3 12 9 
0 1 0 0 0 1 2 1 0 2 4 3 14 2 5 7 5 2 12 9 
0 1 0 1 0 0 2 2 1 2 2 4 3 8 5 13 5 9 14 15 
2 0 2 1 0 1 1 2 2 2 7 13 8 8 5 14 4 9 5 15 
2 0 2 1 0 1 1 2 2 2 7 14 8 8 5 15 4 9 5 15 
1 0 2 1 0 1 1 2 2 2 18 15 7 8 5 15 4 8 5 9 
1 0 2 0 0 1 1 2 1 2 9 14 5 18 5 15 5 6 18 7 
0 0 1 0 0 1 1 1 1 2 19 15 9 24 5 15 5 25 18 5 
0 0 1 0 0 1 1 1 1 1 19 15 9 25 5 15 5 25 18 26 
