0 1 1 2 2 1 1 2 1 0 0 1 2 2 2 1 1 0 1 0 20 2 0 5 9 1 10 15 12 10 15 11 2 13 19 5 19 0 15 5 
1 1 1 2 2 2 2 2 1 0 0 2 2 1 2 1 0 0 1 0 0 2 14 5 9 4 13 15 19 10 15 14 19 12 2 5 20 0 15 5 
1 0 1 1 2 2 2 2 2 0 0 2 2 1 2 1 1 0 1 0 4 20 14 19 5 4 12 14 9 10 15 13 18 12 2 5 2 0 15 5 
1 1 1 1 2 2 2 2 2 0 0 2 2 1 1 1 1 0 0 0 4 19 14 15 5 2 3 13 9 10 15 4 17 12 22 5 2 0 20 5 
1 1 1 1 2 1 1 2 1 0 0 1 2 1 2 0 1 0 1 0 4 9 14 15 3 22 23 14 19 10 15 24 7 12 18 20 2 0 5 5 
0 1 1 1 2 1 1 2 1 0 0 1 2 2 2 0 1 0 1 0 20 9 2 14 4 3 4 14 23 10 15 12 23 8 18 21 18 0 5 5 
1 1 1 1 2 1 1 2 1 0 0 2 2 1 2 0 0 0 1 0 2 9 3 14 4 4 12 15 24 10 15 19 24 18 8 22 20 0 5 5 
1 0 1 1 2 1 1 2 1 0 0 2 2 1 2 0 1 0 1 0 2 20 3 14 4 4 12 15 25 10 15 19 25 18 8 23 9 0 5 5 
1 2 1 1 1 1 1 1 2 0 0 2 2 2 2 0 1 0 0 0 2 5 3 5 15 4 19 25 15 10 15 28 25 8 18 24 9 0 20 5 
0 2 1 1 1 1 1 1 2 0 0 1 2 2 2 0 2 0 0 0 20 5 2 5 15 9 19 25 15 10 15 29 25 18 28 25 8 0 21 5 
0 2 0 1 1 1 1 1 2 0 0 1 2 2 2 0 2 0 0 0 20 5 30 5 15 9 19 25 15 10 15 29 25 18 28 25 8 0 21 5 
0 2 1 1 1 1 1 1 2 0 0 2 2 2 2 0 0 0 0 0 20 5 9 5 15 19 29 25 15 10 15 28 25 8 18 25 30 0 21 5 
0 0 1 1 1 1 1 1 2 0 0 2 2 2 2 0 2 0 0 0 20 30 9 5 15 19 29 25 5 10 15 27 15 18 25 25 8 0 21 5 
0 1 1 0 1 1 2 1 2 0 0 2 2 2 2 0 1 0 0 0 20 25 9 30 5 19 25 15 5 10 15 26 15 8 18 25 28 0 21 5 
0 1 0 0 1 1 1 1 2 0 0 2 2 2 2 0 1 0 0 0 20 25 30 31 5 9 19 15 5 10 15 25 15 8 18 25 28 0 21 5 
0 1 0 0 1 0 1 1 2 0 0 1 2 2 2 0 1 0 0 0 10 25 20 21 5 30 9 15 5 15 25 19 15 8 18 31 28 0 11 5 
0 1 0 0 1 1 1 1 2 0 0 2 2 1 1 0 0 0 0 0 10 25 20 21 5 9 19 15 5 15 25 8 15 28 35 32 30 0 11 5 
0 0 0 0 1 1 1 1 1 0 0 2 1 2 2 0 1 0 0 0 10 30 20 21 5 9 19 15 25 15 25 9 35 5 7 33 28 0 11 5 
0 1 0 0 0 1 1 1 1 0 0 2 1 1 2 0 1 0 0 0 10 15 20 21 30 9 38 5 25 15 25 7 35 28 5 34 18 0 11 5 
0 1 0 0 0 0 1 1 1 0 0 2 1 1 1 0 1 0 0 0 10 15 20 21 31 30 9 5 25 15 25 5 35 28 38 35 18 0 11 5 
0 1 0 0 0 0 0 1 1 0 0 1 1 1 1 0 1 0 0 0 10 15 20 21 31 30 40 5 25 15 25 9 35 28 38 35 18 0 11 5 
0 1 0 0 0 0 1 1 1 0 0 1 1 1 1 0 0 0 0 0 10 15 20 21 31 30 9 5 25 15 25 38 35 18 28 35 40 0 11 5 
0 0 0 0 0 0 1 1 1 0 0 1 1 1 1 0 1 0 0 0 10 40 20 21 31 30 9 5 15 15 25 37 25 28 35 35 18 0 11 5 
0 1 0 0 0 0 1 0 1 0 0 1 1 1 1 0 1 0 0 0 10 5 20 21 31 30 35 40 15 15 25 36 25 18 28 35 8 0 11 5 
0 1 0 0 0 0 0 0 1 0 0 1 1 1 1 0 1 0 0 0 10 5 20 21 31 30 40 41 15 15 25 35 25 18 28 35 8 0 11 5 
0 1 0 0 0 0 0 0 1 0 0 0 1 1 1 0 1 0 0 0 0 5 10 11 21 20 30 31 15 25 35 40 25 18 28 41 8 5 1 15 
0 1 0 0 0 0 0 0 1 0 0 1 1 1 1 0 0 0 0 0 0 5 10 11 21 20 30 31 15 25 35 28 25 8 18 42 40 5 1 15 
0 0 0 0 0 0 0 0 1 0 0 1 1 1 1 0 1 0 0 0 0 40 10 11 21 20 30 31 5 25 35 27 15 18 25 43 8 5 1 15 
0 0 0 0 0 0 0 0 1 0 0 0 1 1 1 0 1 0 0 0 0 41 10 11 21 20 30 31 5 25 35 40 15 18 25 44 8 5 1 15 
0 0 0 0 0 0 0 0 1 0 0 1 1 1 1 0 0 0 0 0 0 42 10 11 21 20 30 31 5 25 35 25 15 8 18 45 40 5 1 15 
