8
11
3
12
7
11
6
9
2
6
7
10
5
12
4
5
6
11
12
7
9
1
10
4
1
3
8
5
1
6
4
10
5
11
4
4
2
5
11
8
3
8
2
9
7
4
1
11
2
11
7
2
10
10
8
4
6
4
8
8
5
7
8
3
5
5
9
3
1
5
2
12
9
5
9
11
6
3
5
2
7
12
5
2
9
10
5
10
7
9
7
9
8
6
6
2
4
7
1
1
9
10
4
8
7
12
5
8
12
5
1
7
10
5
5
3
11
7
12
8
5
9
8
5
1
12
1
1
5
6
7
7
3
9
8
11
7
12
3
2
7
2
7
7
5
11
2
1
6
11
1
8
12
7
6
10
10
10
11
8
3
12
5
8
5
4
7
7
6
8
7
8
9
9
3
4
8
3
11
4
3
3
6
11
8
10
2
7
10
2
4
3
6
12
6
9
1
7
7
4
8
4
12
4
11
3
10
8
1
3
8
9
8
12
9
9
12
8
5
2
9
2
6
9
1
7
4
11
7
10
6
5
2
3
8
4
10
9
7
4
1
12
3
11
7
8
8
1
12
6
7
9
8
8
9
3
9
1
1
6
4
3
10
1
1
3
6
5
7
7
9
3
4
2
3
9
7
11
9
2
12
3
6
3
5
12
3
2
2
12
8
9
9
9
11
6
3
3
8
6
