2
4
11
8
12
10
9
4
2
8
4
9
4
8
8
12
12
12
3
3
7
5
11
1
3
5
6
6
7
1
2
4
1
5
2
8
6
8
6
6
1
12
7
8
12
2
8
11
8
1
11
12
3
10
9
2
12
3
9
10
6
11
3
9
9
8
2
3
11
7
12
7
6
5
2
8
7
9
11
11
11
9
1
7
12
1
1
1
9
3
3
9
4
7
5
10
5
11
10
3
7
8
4
3
12
12
12
8
6
5
4
5
8
3
4
2
12
9
11
12
1
6
8
3
12
11
6
8
6
4
3
11
12
8
9
1
8
6
6
9
6
6
9
4
6
11
7
7
10
4
10
10
7
2
4
9
2
6
3
5
11
10
4
5
5
6
4
4
6
3
8
7
10
1
11
7
5
8
7
7
9
2
6
5
2
9
7
11
3
9
8
11
1
3
10
4
7
9
9
5
3
12
2
6
1
10
2
3
4
2
12
10
11
10
12
1
3
12
9
8
3
2
1
12
3
4
5
8
10
1
10
8
2
12
12
12
2
1
7
3
12
8
1
2
3
7
2
3
3
1
