2
2
7
1
7
12
4
1
11
10
8
5
8
2
2
5
10
8
9
8
9
3
5
9
10
1
10
7
3
5
9
10
9
4
7
7
8
5
8
12
12
8
11
12
6
5
4
2
4
10
4
1
10
6
7
1
4
5
10
6
5
11
6
10
5
8
10
6
3
8
6
6
10
7
10
10
4
12
4
3
9
3
1
6
3
11
5
10
8
12
12
11
1
2
2
3
12
11
10
3
8
6
5
2
11
4
8
9
1
2
11
11
4
2
5
2
11
6
4
8
2
8
10
4
3
11
1
3
5
12
12
10
5
5
3
1
4
7
1
11
5
6
1
11
11
1
9
7
5
2
12
2
6
12
7
2
9
2
7
9
12
11
9
5
2
3
6
3
1
1
12
2
6
12
12
9
10
1
6
7
7
12
4
11
8
7
4
10
3
10
8
1
11
2
9
7
8
12
1
2
3
3
6
2
10
7
6
12
1
12
3
11
7
8
10
5
7
11
5
6
3
3
12
9
9
2
5
6
10
6
11
4
1
4
9
10
3
8
9
5
12
6
8
8
3
3
9
4
9
3
1
3
1
5
6
9
3
9
3
1
5
9
11
6
10
12
6
9
12
6
2
1
3
4
3
5
10
3
7
10
2
4
8
2
4
5
2
9
8
4
6
11
7
12
7
10
11
6
10
5
