7
1
5
3
6
9
8
10
7
1
10
3
11
4
2
11
6
6
10
3
2
10
11
1
8
7
6
2
11
8
8
2
12
5
6
2
7
3
9
6
4
1
9
10
1
5
9
3
8
9
4
12
5
10
6
12
6
7
11
1
4
6
6
11
1
5
12
8
11
2
6
4
6
8
7
7
2
11
1
8
1
11
4
7
1
7
2
12
7
10
9
10
6
10
2
4
6
5
10
6
6
10
2
6
11
3
2
2
3
11
12
2
2
1
11
1
8
5
6
1
9
11
11
4
12
12
8
8
2
10
10
7
2
7
3
9
11
5
12
5
3
12
1
9
11
7
6
1
6
8
1
1
9
2
1
9
12
6
6
6
1
8
7
11
12
9
2
5
1
7
3
3
3
3
3
3
7
4
10
1
7
5
1
7
11
12
5
5
5
7
11
2
9
3
5
12
1
2
7
5
8
4
9
8
2
4
5
11
11
2
4
1
1
1
2
8
6
9
11
3
7
1
7
9
12
8
9
11
10
3
9
6
2
4
10
6
2
2
11
6
7
9
5
1
7
12
12
3
9
9
