6
7
4
9
9
2
4
4
11
9
2
11
9
5
2
11
3
6
2
9
2
3
9
6
2
2
3
9
10
4
11
8
2
6
11
5
3
5
12
12
7
9
6
12
2
1
11
10
6
1
7
5
10
7
12
10
12
11
1
4
3
1
12
9
6
12
4
8
6
2
2
5
11
12
1
10
8
2
1
1
5
8
11
1
1
9
5
10
12
6
1
7
4
9
7
2
9
9
8
8
11
10
1
7
2
5
12
11
3
3
3
11
1
2
12
8
11
6
6
12
12
1
10
1
6
12
11
11
2
5
2
6
11
5
1
4
5
3
6
9
6
9
5
9
6
6
8
4
9
4
7
9
9
3
3
8
12
1
10
1
8
2
2
7
5
6
10
5
2
11
8
3
9
2
11
4
7
9
7
8
11
6
7
1
9
3
11
8
2
1
11
2
6
10
4
4
2
9
4
12
4
3
5
12
11
5
2
3
3
4
5
6
2
8
4
7
10
2
4
4
7
7
5
9
3
12
4
1
10
9
7
12
1
1
11
9
7
3
9
12
12
8
10
5
4
7
8
3
3
7
11
5
10
6
2
9
5
10
12
1
5
2
4
1
4
5
12
6
2
8
8
5
9
8
7
5
6
3
2
5
4
1
11
8
7
5
4
5
11
2
1
7
1
5
5
8
9
9
9
4
9
3
1
12
9
5
12
9
8
10
3
1
11
9
11
11
1
5
11
10
7
1
12
8
5
7
12
12
12
9
6
11
6
5
3
8
11
2
8
12
10
3
7
10
3
1
8
7
3
2
11
11
10
5
5
5
3
8
7
2
12
6
9
4
3
4
10
4
4
4
8
3
6
2
11
4
12
9
12
12
12
1
10
4
10
6
6
11
8
7
1
5
10
10
3
6
6
12
9
4
