3
3
9
8
5
5
12
8
8
12
10
7
1
2
2
12
3
7
6
5
3
5
2
2
4
6
9
4
11
2
4
9
12
10
9
2
4
4
3
12
7
3
11
8
9
4
6
4
10
11
2
5
4
11
4
1
6
7
8
2
3
1
5
2
10
11
9
7
12
4
9
8
8
7
2
4
4
12
1
5
6
6
3
3
8
3
4
9
5
2
9
6
11
6
10
7
8
10
9
9
12
5
10
4
12
9
1
2
4
11
9
6
3
11
1
8
6
12
2
12
8
10
1
10
4
6
4
12
1
2
1
4
10
9
6
11
7
4
9
6
11
6
8
8
4
10
2
12
6
9
6
3
4
8
2
2
7
5
2
12
6
3
1
6
5
12
4
1
2
11
2
8
8
10
4
11
12
11
5
10
5
9
9
1
11
10
9
6
9
10
5
12
3
10
6
10
2
2
8
9
3
11
2
2
10
7
6
5
4
7
3
6
10
7
11
2
9
3
3
6
3
1
9
6
12
8
4
4
12
5
3
8
7
6
2
1
10
2
8
3
1
6
9
7
12
10
9
6
1
10
5
1
1
7
7
9
2
12
12
3
10
10
6
4
1
8
1
5
5
12
11
4
5
10
5
12
4
8
5
8
9
10
2
12
12
12
5
3
4
4
1
5
9
5
2
11
11
10
9
8
4
1
6
9
5
9
11
2
3
12
9
6
4
12
7
12
8
9
10
2
6
6
12
11
5
5
7
1
2
8
1
1
12
6
10
11
3
9
6
10
7
12
7
4
11
10
10
12
7
7
8
10
8
8
1
12
2
1
11
10
1
4
8
7
1
5
11
12
12
6
11
9
1
11
7
12
6
11
11
11
3
6
8
1
5
3
7
2
9
1
3
10
3
3
9
9
4
2
9
2
8
7
9
7
9
2
2
9
10
3
8
7
4
1
7
8
3
2
5
1
8
10
2
3
7
12
3
2
4
8
8
4
12
7
5
8
4
11
11
7
11
6
6
10
2
9
3
6
12
7
10
2
11
4
9
9
9
4
9
12
7
6
7
8
4
3
6
12
10
12
1
12
6
7
8
7
2
4
4
8
9
3
1
2
4
2
5
1
4
1
1
2
7
10
5
12
3
4
12
10
