2
2
5
10
11
9
4
1
11
6
10
5
2
5
1
11
5
1
3
12
7
5
2
12
11
10
3
6
5
11
2
9
7
9
11
7
6
3
10
12
5
2
11
5
12
5
12
4
3
6
8
1
7
8
8
10
8
12
2
6
8
5
6
6
4
12
9
1
10
4
9
12
7
7
6
11
7
3
5
4
1
11
9
1
5
8
5
12
7
10
11
5
4
2
4
8
3
3
9
1
3
9
12
7
8
11
10
2
4
2
8
6
8
9
12
10
9
8
10
2
9
6
12
5
10
11
1
11
3
2
7
3
7
2
8
5
6
9
1
6
4
9
1
4
8
11
1
7
9
11
12
7
6
6
2
9
7
9
4
6
3
9
6
10
7
5
12
5
6
8
7
9
7
5
2
3
1
8
5
8
3
10
2
1
5
6
3
2
12
8
2
11
12
8
4
8
3
10
9
8
12
2
6
1
8
10
5
12
3
5
8
4
9
1
3
4
5
1
4
4
8
6
3
3
7
4
7
7
9
11
2
7
2
11
2
5
10
11
4
2
11
7
7
6
1
6
1
6
11
7
4
8
8
9
11
5
12
3
1
6
4
3
8
10
7
11
4
7
8
2
5
12
8
3
5
5
1
1
10
3
9
1
8
2
10
10
4
2
12
4
9
3
8
12
5
6
9
12
1
6
6
5
7
9
9
1
2
8
6
6
10
7
10
8
10
5
8
2
5
10
1
8
1
11
3
1
4
9
6
8
4
11
9
12
12
8
1
5
7
8
2
4
1
7
10
4
11
4
11
11
9
10
7
12
4
10
12
8
9
5
10
2
5
2
5
3
7
1
5
11
12
1
5
3
11
9
12
2
6
8
9
10
9
7
4
3
5
9
11
5
10
8
6
9
1
7
3
9
11
12
