6
9
9
11
12
1
11
6
5
4
3
11
2
11
2
3
9
11
4
1
5
11
12
11
10
8
3
3
8
9
8
9
6
2
2
9
2
9
6
6
8
11
7
4
7
10
2
1
7
4
3
3
4
5
2
10
4
10
8
5
11
8
7
10
11
2
11
5
10
4
4
9
4
6
6
1
1
3
3
7
5
9
7
8
4
7
7
9
3
1
6
8
2
10
9
9
5
5
7
5
11
11
11
11
3
3
4
2
10
7
9
9
2
6
11
3
11
1
6
9
6
8
2
9
6
3
5
12
3
9
7
8
5
5
12
10
10
9
12
4
10
4
7
8
7
10
9
3
11
3
7
10
2
3
12
3
5
10
11
6
12
5
4
8
1
2
5
12
7
3
4
2
2
5
8
12
6
10
1
1
2
8
3
7
3
8
9
3
12
6
2
12
1
12
9
12
12
4
10
11
8
11
6
5
8
3
6
5
7
3
2
4
3
4
3
7
4
11
2
4
10
10
12
11
6
12
9
5
5
3
7
12
10
12
10
12
10
3
12
12
9
11
10
12
10
2
9
1
8
12
8
12
2
2
6
8
7
3
7
3
11
6
9
4
7
7
12
6
2
5
4
4
7
9
8
4
7
4
5
4
9
12
1
12
4
9
5
6
12
1
7
10
1
2
8
10
9
4
6
1
11
5
9
6
9
4
4
9
10
4
2
4
4
10
12
12
11
9
6
10
2
9
2
5
12
1
5
11
5
6
7
4
1
6
8
11
1
6
4
7
5
10
8
10
3
10
4
1
4
12
6
2
5
2
5
3
2
12
2
6
1
2
5
5
8
12
3
4
8
7
10
9
6
6
11
7
1
3
11
3
2
2
4
3
10
9
6
9
11
7
12
5
4
4
9
9
9
10
3
7
