2
5
12
5
1
5
3
5
9
9
8
11
9
3
2
4
5
8
2
12
5
12
4
12
1
3
8
2
12
1
9
6
7
2
6
4
2
7
3
6
2
11
12
6
1
2
3
3
1
6
1
10
7
11
11
2
6
5
4
7
2
1
5
10
1
9
12
5
10
12
7
11
7
4
7
10
11
2
6
11
11
11
6
12
11
10
1
9
11
7
5
4
1
7
7
8
11
5
2
3
6
7
1
2
2
12
3
8
11
9
5
10
3
3
3
2
10
11
10
9
8
7
7
10
10
4
10
4
9
4
4
5
10
4
5
9
6
8
1
7
2
2
7
7
6
6
7
3
3
3
11
6
1
8
7
7
8
3
2
5
2
1
8
11
8
8
5
12
7
11
7
8
11
1
6
2
1
1
12
5
4
7
1
5
8
9
7
5
10
5
10
3
10
6
9
9
8
4
5
8
8
7
10
4
6
9
3
5
3
11
4
3
11
12
2
3
3
3
1
7
8
2
8
1
8
6
7
3
10
10
6
10
7
6
5
9
5
9
11
3
9
3
6
10
12
1
5
11
6
7
6
4
6
6
9
2
1
9
4
7
6
9
12
3
10
8
3
5
10
1
6
8
11
5
5
8
4
12
11
4
1
7
3
8
1
2
10
10
10
2
2
4
2
6
6
4
3
8
10
4
10
11
5
4
1
11
9
1
8
7
3
1
12
10
6
3
4
4
5
3
9
1
1
12
4
12
9
9
2
10
4
12
6
4
4
11
1
11
12
9
3
4
11
8
7
7
10
2
4
7
11
11
3
6
8
12
7
12
10
2
8
8
7
4
4
11
8
8
1
2
9
8
2
10
3
11
5
3
8
8
10
8
12
6
9
7
8
8
11
7
1
7
9
6
9
8
1
11
6
11
