8
12
7
12
10
1
6
12
7
5
3
8
3
3
11
9
7
6
10
2
2
11
7
5
5
6
2
5
6
4
9
10
2
1
2
10
3
11
2
1
6
10
12
7
7
9
11
8
6
10
7
5
10
3
6
12
10
11
7
8
9
3
6
11
10
10
4
9
5
3
8
9
3
6
1
3
7
12
12
4
2
7
1
5
2
2
5
7
12
11
5
1
11
8
3
7
12
4
6
1
10
3
1
4
6
9
1
3
8
4
5
11
5
4
8
5
9
2
4
8
9
12
4
9
8
5
4
9
5
7
2
4
1
10
5
10
1
8
1
5
3
9
7
6
8
12
9
6
8
2
4
3
10
1
12
7
7
11
4
6
10
3
10
3
3
6
4
1
7
2
4
11
8
11
7
3
5
1
9
11
6
10
8
12
6
2
1
10
7
2
12
9
9
1
2
1
11
2
11
8
5
10
12
8
5
5
6
12
4
6
4
11
7
10
5
10
11
4
9
11
11
10
5
1
5
5
2
4
6
8
10
5
2
3
11
12
2
7
2
4
1
4
7
9
6
10
10
12
2
2
3
11
11
1
7
6
12
3
7
2
10
6
8
1
10
8
10
5
9
1
3
10
4
11
10
1
7
7
3
4
7
4
2
3
9
5
12
2
6
3
3
7
12
9
4
5
9
7
2
2
