9
1
5
10
4
11
2
9
11
11
7
5
2
3
9
11
7
4
10
3
7
7
4
3
12
6
6
7
10
4
3
5
2
2
2
3
2
4
8
3
4
4
10
11
9
6
6
2
11
12
7
2
7
6
11
4
5
5
5
9
11
9
1
9
3
10
8
5
2
10
8
11
12
1
1
11
5
9
7
11
1
6
10
12
12
11
7
7
1
8
5
7
3
4
12
2
7
4
4
8
8
3
8
7
10
4
9
9
12
5
7
8
11
8
5
8
2
2
11
2
6
9
7
9
8
2
10
8
6
8
2
10
8
10
9
2
1
12
12
10
7
3
6
8
4
9
1
7
7
11
10
3
10
2
11
4
3
10
5
4
9
9
4
1
7
7
6
10
1
2
9
7
3
9
12
11
9
5
11
4
11
12
8
3
6
11
3
2
9
9
9
9
11
10
5
6
9
4
7
1
7
8
9
2
10
2
3
4
9
7
8
3
3
11
10
8
11
11
5
9
8
5
12
7
11
2
6
12
5
1
7
5
8
5
8
12
7
11
3
10
6
10
1
7
8
7
11
11
2
9
5
6
3
2
6
4
9
5
11
10
5
4
12
1
5
1
4
10
11
1
2
4
12
12
5
3
6
8
3
10
3
8
3
5
2
4
1
2
7
9
7
2
10
5
5
7
4
7
10
7
