2
11
12
1
11
5
7
2
4
3
8
10
5
1
7
8
11
12
1
5
11
4
3
5
12
6
2
8
12
8
12
5
8
2
1
7
3
10
10
8
9
10
8
8
1
11
12
12
5
5
9
9
4
1
11
12
4
7
9
1
1
9
11
9
8
12
9
1
12
11
11
10
11
1
9
9
11
9
1
3
11
9
9
10
6
2
10
1
3
5
7
6
11
7
10
2
11
8
9
11
2
9
5
1
10
2
9
1
7
9
5
11
3
5
3
4
10
10
5
6
2
12
6
5
5
3
1
2
1
9
12
6
4
2
6
10
12
11
9
4
9
10
7
8
8
1
2
11
2
1
11
8
1
6
4
1
5
11
11
2
2
2
2
5
6
1
2
2
1
11
4
11
6
4
4
5
9
6
2
3
12
7
7
2
9
7
7
8
7
9
4
10
4
4
7
3
4
1
6
9
4
3
11
2
5
7
5
5
11
7
6
1
6
9
5
2
11
10
10
1
2
5
8
11
6
12
4
4
5
10
2
1
1
4
10
9
8
10
6
3
4
8
6
9
9
2
2
3
2
7
