6
11
10
4
9
8
4
7
5
4
12
8
3
5
12
9
1
4
5
3
4
12
5
12
10
8
6
10
2
6
11
3
5
11
1
3
3
5
5
7
9
6
9
9
3
10
9
10
9
6
8
6
7
7
12
11
5
3
12
5
2
1
9
4
5
10
10
6
2
11
2
9
2
3
2
10
2
4
8
8
10
8
12
9
2
4
11
5
6
9
10
1
4
2
1
10
11
5
6
7
10
1
5
9
10
7
12
3
8
5
10
11
5
1
3
3
4
5
1
4
4
2
12
5
2
11
2
5
1
3
3
3
4
2
2
4
2
4
12
3
7
6
2
5
6
8
5
4
10
6
5
2
12
5
10
7
5
6
3
2
2
4
5
5
12
8
5
10
1
6
3
3
6
4
1
6
10
9
4
11
4
10
1
4
6
8
10
5
8
6
7
2
4
11
6
11
9
5
11
2
10
6
11
4
5
5
12
6
3
7
4
1
7
11
3
12
10
10
1
3
5
11
5
12
3
11
3
1
11
7
9
3
5
4
12
2
11
10
3
9
3
4
10
11
1
6
2
4
11
8
1
8
4
8
8
1
9
10
3
12
4
12
1
9
9
1
11
4
1
5
3
10
7
9
10
7
9
11
12
3
1
11
7
12
6
8
11
12
12
5
6
10
11
5
8
11
8
11
9
11
3
9
8
7
5
1
9
11
9
6
1
4
4
2
1
1
3
6
10
7
10
9
3
3
1
9
1
7
8
10
8
5
10
10
1
4
10
12
1
1
8
8
6
8
5
7
4
9
3
11
4
7
3
2
12
1
3
11
8
9
5
11
2
4
5
3
6
12
2
5
10
3
5
10
2
12
6
1
6
11
12
3
5
12
6
11
6
12
8
3
1
8
10
5
2
6
7
3
2
10
