4
6
7
12
9
2
8
2
8
2
12
7
8
12
1
2
3
2
12
11
12
2
6
11
12
2
9
2
9
1
12
6
1
8
8
6
6
4
8
4
11
5
12
2
11
7
4
8
2
3
3
2
2
11
6
6
8
7
7
6
8
3
4
10
6
3
8
9
7
12
3
1
11
2
4
6
5
3
7
9
4
6
1
10
5
1
10
1
11
11
3
4
6
5
9
7
3
7
8
5
9
2
6
11
5
6
8
8
8
2
9
6
8
8
11
4
4
10
6
5
8
10
10
8
12
1
4
8
5
3
5
10
11
3
10
12
3
3
8
4
11
3
5
9
5
5
3
1
7
6
2
12
11
5
10
11
12
9
1
6
1
7
1
9
8
12
4
6
6
11
7
3
1
3
11
12
10
12
8
10
7
1
12
1
12
3
4
2
8
11
9
9
6
9
5
12
3
2
12
11
10
3
11
11
7
7
5
9
2
7
9
3
10
8
4
5
11
3
11
7
2
9
8
7
4
6
8
4
10
6
10
11
3
6
5
10
6
3
4
10
6
3
4
6
9
3
5
8
6
5
3
4
2
11
2
5
8
12
2
5
8
10
10
11
8
5
7
9
5
11
2
3
12
9
5
11
7
7
5
2
2
12
6
8
10
5
8
7
5
10
7
1
5
11
8
12
2
11
9
7
2
1
7
6
6
1
10
8
4
4
3
6
7
3
7
10
3
3
8
9
3
12
12
12
1
5
11
6
11
3
7
9
6
12
3
2
3
1
9
1
4
8
10
11
9
5
12
1
12
1
6
1
4
7
12
7
3
3
9
5
7
8
8
12
1
12
12
8
9
1
6
5
8
9
4
5
6
6
3
1
2
4
5
4
5
6
7
4
1
7
8
3
6
7
4
10
3
7
1
11
12
9
4
11
4
11
11
1
8
2
7
9
6
4
5
12
6
9
4
8
9
10
3
6
12
9
10
6
3
12
12
9
3
9
4
8
2
9
10
12
4
3
11
1
10
4
1
4
1
4
10
7
11
5
7
2
5
3
7
3
9
1
5
7
2
7
7
2
9
9
1
1
8
8
1
7
10
9
1
10
3
2
12
7
5
12
12
2
7
5
2
10
7
10
9
10
12
10
6
4
