8
12
9
4
5
10
5
7
6
4
1
2
3
9
1
7
4
3
2
3
2
3
9
3
10
7
8
3
2
5
1
7
5
1
9
12
6
11
12
12
4
10
8
7
8
10
10
1
10
8
6
2
2
1
6
11
3
9
3
7
2
8
4
3
11
5
7
3
7
2
11
10
3
12
4
10
6
9
2
2
1
12
6
8
7
5
5
1
7
12
10
11
6
2
9
4
7
1
7
1
12
6
4
8
9
9
1
4
7
7
3
1
1
9
5
3
11
2
9
2
6
4
9
1
10
4
12
11
3
4
12
7
2
1
6
10
6
8
10
5
7
11
12
12
12
2
1
4
1
2
8
2
4
1
4
3
9
9
12
7
5
2
3
3
10
8
2
6
10
4
3
10
2
10
10
4
9
6
5
10
2
7
2
11
6
2
5
9
10
1
1
5
8
4
8
2
7
6
4
8
7
7
2
12
12
4
10
2
1
4
12
2
9
4
1
4
7
8
10
12
3
1
6
6
8
6
10
1
11
1
5
2
12
12
3
3
5
4
1
6
1
5
4
9
8
7
10
12
4
4
