5
10
4
12
2
1
5
5
2
2
5
4
5
7
7
2
1
6
2
3
9
1
2
10
9
4
10
5
8
11
3
1
10
6
8
9
6
7
11
12
5
1
9
3
7
2
9
10
11
9
7
8
6
6
3
6
2
2
3
11
7
9
8
5
3
8
8
2
2
5
1
10
1
1
6
2
2
12
2
5
5
12
3
3
11
2
10
11
10
12
1
5
12
1
3
2
5
8
6
3
4
7
7
11
12
5
6
9
3
11
8
9
1
2
4
3
2
5
7
9
5
12
11
5
2
9
9
2
6
9
7
3
4
1
9
11
4
12
1
3
3
2
10
4
11
1
5
11
1
5
4
2
9
1
8
2
3
4
11
12
1
12
6
4
2
8
5
10
8
2
11
8
11
9
2
6
11
8
1
9
12
9
2
1
5
10
12
1
2
6
9
6
11
11
2
11
12
10
6
11
1
9
3
4
1
5
6
4
8
4
11
5
8
5
7
5
6
5
12
12
10
12
6
5
2
4
10
3
4
3
9
10
2
4
1
7
12
1
6
5
3
1
9
3
3
11
10
6
8
8
5
8
8
9
12
1
5
5
6
5
9
2
11
6
9
1
8
9
9
12
6
9
5
9
5
10
11
5
8
8
9
11
9
11
5
9
1
4
11
6
10
1
6
1
4
10
9
11
9
3
