9
3
2
4
1
6
8
4
10
2
11
2
11
9
7
6
9
6
2
5
3
9
2
1
2
12
1
12
9
4
5
6
11
1
3
10
2
9
5
4
10
6
8
5
5
11
9
3
4
8
10
12
12
8
5
4
10
6
9
5
9
7
9
4
1
7
10
10
6
8
1
11
6
8
5
9
7
4
3
7
5
12
2
12
6
10
5
2
11
5
8
1
9
1
7
7
4
9
1
2
2
8
7
12
2
8
7
4
11
12
2
3
9
7
7
8
3
1
4
7
8
5
3
10
2
5
3
11
12
11
9
11
4
3
5
11
6
8
10
5
2
12
5
6
8
12
11
1
11
10
3
10
3
10
2
12
10
5
1
10
3
7
9
3
10
8
7
10
7
8
10
5
8
2
11
12
9
11
10
9
10
4
4
2
12
5
2
11
10
5
7
3
4
2
5
3
6
3
2
8
11
7
1
8
6
3
2
8
3
7
1
3
2
2
6
6
10
1
3
1
12
7
4
3
11
10
3
10
5
8
5
12
8
4
3
11
4
1
10
2
1
1
8
5
5
11
7
1
10
2
9
4
11
11
8
9
8
12
1
8
10
11
6
12
9
4
6
2
4
1
11
7
8
2
11
9
12
2
2
1
9
5
8
7
6
2
4
2
5
2
8
12
11
3
9
3
4
2
1
9
9
9
4
1
6
5
3
10
7
12
7
9
6
8
7
2
7
1
11
1
8
11
4
8
11
10
2
11
11
1
12
8
9
3
6
2
10
5
2
6
5
12
6
12
12
11
3
9
12
3
8
2
1
5
8
4
12
1
8
1
11
2
3
6
5
8
3
2
8
11
9
11
12
6
9
3
2
7
9
7
7
8
6
5
5
9
7
5
9
2
7
3
1
12
8
6
8
9
1
4
11
6
8
5
8
6
6
1
10
12
5
4
12
7
9
11
9
9
7
3
11
5
8
6
3
3
7
12
11
1
5
8
10
5
1
3
4
6
9
11
6
1
12
6
7
3
4
6
5
4
10
3
12
5
2
10
3
11
6
12
11
5
4
10
3
10
12
8
2
10
2
8
4
12
4
3
1
7
9
5
5
11
5
3
1
11
4
2
10
11
9
3
10
8
5
9
3
3
11
6
