9
7
9
2
9
11
5
6
5
11
10
6
9
4
11
4
1
11
7
10
2
2
6
6
11
4
1
3
10
7
7
6
10
7
4
7
11
8
8
8
9
9
10
11
8
4
5
4
4
7
12
8
12
10
12
7
5
3
9
11
8
4
12
4
12
9
1
3
10
5
11
5
7
12
3
7
6
9
9
8
12
4
3
3
11
10
12
3
9
6
11
9
4
7
4
8
4
11
7
3
5
7
10
7
2
8
12
12
10
12
1
2
1
3
6
2
11
8
1
5
10
1
11
12
12
4
3
6
6
9
11
2
3
6
5
6
2
9
10
8
10
11
8
8
5
3
3
2
4
11
2
10
10
12
10
3
6
10
3
8
1
12
6
3
6
2
5
1
1
5
2
2
4
8
1
11
10
4
12
2
12
5
3
1
3
10
5
9
1
2
4
2
9
4
9
12
1
7
10
2
10
8
12
3
3
11
3
1
10
1
4
3
12
9
6
7
8
3
12
4
4
5
1
6
9
7
10
7
10
7
7
8
7
8
2
10
7
7
9
10
3
1
1
5
2
2
1
3
7
1
5
11
8
1
1
7
2
11
1
2
12
1
10
5
12
4
2
5
1
6
4
3
2
4
3
12
5
4
4
10
9
2
4
12
8
3
9
7
10
1
10
10
1
1
7
9
8
4
12
10
4
3
3
5
6
8
2
10
3
1
8
12
2
7
10
11
8
10
8
4
8
2
10
6
3
11
5
12
5
9
8
11
11
1
11
11
8
4
1
1
5
11
6
7
5
3
5
3
12
8
10
11
3
6
11
2
4
3
6
10
7
5
1
1
11
5
10
5
2
2
6
5
8
3
7
11
6
9
3
4
10
11
5
5
9
11
12
3
8
9
2
1
11
11
4
11
10
8
4
12
8
11
2
1
2
6
10
12
1
10
3
1
4
4
3
2
12
7
9
4
2
10
5
1
3
10
12
1
11
4
5
7
9
10
5
5
10
5
8
5
3
6
7
10
9
3
6
3
9
11
1
4
8
7
9
5
11
7
5
8
5
6
10
5
3
12
6
6
5
1
3
12
1
7
9
3
3
10
12
5
3
1
2
12
6
8
4
7
6
5
5
11
4
3
3
3
5
9
9
12
