8
7
2
8
8
2
6
8
4
7
5
4
3
1
6
5
11
12
5
7
2
5
6
2
1
12
2
6
11
10
9
6
10
2
12
5
12
11
5
1
7
3
2
10
1
7
4
11
9
8
7
5
12
10
8
7
12
9
6
8
3
12
3
10
1
2
9
2
9
7
8
10
6
8
10
8
5
3
3
2
1
9
3
12
8
9
4
2
2
1
5
8
9
11
8
3
7
9
1
1
8
6
5
6
12
4
6
3
1
10
11
12
6
6
5
1
7
1
8
3
5
3
7
11
5
5
1
12
12
3
11
5
6
2
8
11
11
8
1
10
11
5
4
8
8
10
9
6
10
7
5
1
4
11
2
9
4
3
10
11
2
12
2
10
3
5
4
3
4
11
1
3
1
5
3
1
2
4
9
3
11
6
2
6
6
3
3
9
6
11
5
6
6
4
5
5
8
1
6
2
2
6
11
9
12
3
4
9
3
6
12
5
8
5
10
8
4
1
11
3
11
1
6
6
11
10
9
6
9
10
3
10
9
11
9
5
10
9
7
11
5
4
6
3
11
3
12
2
3
3
7
8
3
8
4
9
10
4
3
4
8
9
5
12
4
8
9
7
4
7
3
8
3
12
7
2
5
8
10
5
7
10
1
10
6
1
1
12
9
3
9
12
10
6
1
3
1
8
8
1
5
6
12
11
6
3
5
1
1
10
5
11
9
7
12
10
8
9
1
12
7
1
6
6
1
1
1
8
6
1
3
8
6
2
9
9
11
1
12
6
4
9
4
2
3
9
8
8
4
9
