4
5
3
1
8
1
2
8
1
5
1
7
8
4
5
6
3
7
3
3
4
2
3
5
8
7
5
3
1
6
5
6
2
5
4
6
4
7
7
8
4
6
7
4
2
7
7
8
7
6
7
4
6
2
3
4
5
7
3
2
6
5
4
3
5
2
6
5
3
6
7
6
3
6
8
1
8
3
4
4
7
4
3
6
4
6
2
7
2
5
7
5
3
8
5
2
7
1
8
2
5
3
6
1
7
8
8
3
4
4
1
3
2
8
2
2
5
7
6
3
4
2
1
1
8
5
6
8
8
6
6
1
1
3
1
2
6
2
5
8
2
5
1
4
8
1
1
5
7
8
8
4
6
1
3
4
3
7
6
4
7
3
3
7
4
5
1
4
3
7
3
8
1
2
4
6
4
2
2
8
6
3
5
8
4
6
8
7
1
2
5
8
3
3
7
1
2
6
7
2
2
1
5
1
2
5
5
5
6
5
8
3
1
6
4
8
1
5
4
7
8
5
4
3
8
5
6
8
7
4
7
7
3
6
4
8
5
7
3
2
6
2
5
4
5
7
5
2
2
6
3
8
7
8
8
8
6
6
4
6
6
1
7
5
7
4
2
2
1
2
6
5
2
7
5
1
2
4
7
4
4
7
8
7
4
4
1
4
2
8
4
5
6
6
5
6
2
6
3
8
2
1
6
4
8
8
5
6
2
2
7
7
8
3
7
8
5
4
8
1
8
4
3
3
6
5
6
4
7
7
6
7
8
3
8
6
5
8
2
7
1
7
4
2
3
6
2
7
1
5
