8
2
4
8
8
1
10
5
5
7
12
2
5
1
2
10
12
12
8
6
1
8
5
1
4
6
8
10
11
7
2
2
2
2
2
2
5
8
12
10
2
7
2
5
1
12
10
11
2
10
2
9
6
4
9
12
3
5
7
2
3
6
8
8
10
9
5
9
2
10
12
6
7
9
7
8
7
4
9
8
12
8
8
2
5
9
4
7
11
1
6
5
5
4
7
7
3
9
10
9
2
2
12
10
5
12
4
1
11
11
6
10
5
7
2
8
11
1
2
11
9
12
1
9
4
9
5
2
2
10
7
4
7
10
4
6
5
12
1
3
9
3
8
11
1
11
6
5
11
1
4
3
12
8
11
1
3
8
7
5
8
2
1
2
8
11
1
12
4
7
1
4
6
2
8
2
6
8
12
3
6
6
4
1
9
4
3
2
4
5
11
2
12
12
8
1
8
5
8
9
12
6
10
9
2
12
12
11
10
2
9
2
9
2
11
2
12
8
2
3
5
9
4
5
7
2
8
11
9
10
10
5
12
9
5
4
2
4
10
6
1
8
11
5
1
9
5
2
9
11
