5
7
6
3
9
12
8
6
3
5
5
3
6
7
11
12
1
7
11
2
9
4
8
1
12
12
3
8
9
12
11
4
12
3
4
1
4
10
3
10
7
6
3
9
3
7
4
11
2
1
2
4
9
5
4
7
11
8
10
6
7
11
8
12
1
6
6
11
10
7
12
12
1
1
11
9
4
3
12
3
9
11
2
5
7
9
8
4
10
7
8
1
11
3
3
4
3
5
4
6
4
3
12
3
4
12
5
3
9
1
8
5
5
12
2
2
8
4
9
1
4
2
11
6
1
3
7
6
9
8
12
2
2
12
10
2
1
2
8
8
1
2
2
7
2
5
6
2
4
1
7
10
6
7
1
2
10
2
11
10
1
2
4
12
2
4
8
10
10
8
7
7
10
5
8
12
1
8
11
10
7
9
4
1
2
11
7
8
10
1
12
9
8
7
9
1
9
6
8
2
6
4
5
3
3
5
12
10
12
2
1
5
3
12
11
1
8
11
8
10
1
3
11
3
9
4
6
3
1
1
5
10
6
1
7
9
9
2
9
3
6
3
4
3
6
6
8
5
5
6
9
10
9
3
4
11
12
12
2
1
9
1
7
1
9
1
2
11
6
3
10
11
9
7
12
1
3
11
1
6
7
1
5
5
4
8
10
2
6
9
7
1
6
10
10
2
1
4
7
6
8
4
12
9
12
4
10
7
5
2
4
10
12
3
3
2
10
2
5
1
12
5
4
2
4
12
4
6
8
1
10
3
4
9
12
6
3
3
5
6
5
12
12
12
7
1
4
11
8
7
