2
12
1
3
9
7
12
11
12
6
4
3
9
10
12
4
9
11
5
4
8
12
8
5
7
6
7
4
12
5
2
5
5
12
2
6
10
10
3
8
1
8
8
12
10
11
9
10
3
5
8
4
10
9
3
11
11
11
6
4
9
9
5
10
1
4
12
4
11
8
3
12
8
7
6
11
5
7
1
6
8
2
9
3
7
6
11
8
4
10
4
4
6
8
4
10
4
10
3
3
7
10
3
7
8
3
11
10
10
9
7
2
10
8
6
5
1
10
1
1
2
1
7
4
7
10
12
3
7
5
1
7
12
1
8
3
2
1
12
2
2
2
5
6
3
10
11
11
1
3
3
8
6
2
5
3
9
4
6
9
6
2
8
10
7
1
8
6
6
11
4
4
3
12
6
8
6
8
10
7
4
11
10
6
8
10
12
4
7
6
9
6
6
10
9
11
7
6
12
10
12
3
5
10
3
6
6
1
6
6
6
10
2
6
5
1
12
4
12
4
8
2
8
12
4
8
2
5
11
7
4
8
7
10
4
1
3
5
8
11
3
3
2
12
5
8
1
10
10
1
8
1
5
2
12
1
12
2
3
1
9
5
4
5
1
9
8
3
1
9
6
7
5
2
7
5
9
11
7
3
11
9
8
1
4
1
1
5
11
8
12
7
7
6
9
9
1
4
8
11
6
6
11
6
11
1
9
6
1
4
10
10
2
8
5
1
7
5
1
10
4
3
9
10
6
3
2
5
4
6
12
8
8
1
11
5
6
9
7
10
2
9
12
11
9
1
11
8
3
6
