9
1
9
3
11
3
3
12
10
11
7
5
4
8
2
2
3
1
7
4
8
5
2
5
3
5
9
3
9
1
2
4
5
4
10
10
10
4
12
7
12
7
2
3
9
8
8
3
5
10
9
2
7
8
7
12
1
3
3
7
2
6
4
10
8
10
9
5
3
8
6
2
1
7
12
9
11
8
4
10
7
4
5
1
7
9
9
4
8
8
10
8
7
10
5
11
11
3
9
5
3
9
11
2
12
3
11
10
1
5
5
12
12
6
7
4
11
9
12
12
7
11
8
12
5
5
5
2
12
1
5
3
6
9
1
2
12
7
12
7
7
3
12
6
7
9
3
4
5
7
7
9
10
2
12
5
8
8
1
10
4
3
1
9
2
12
11
9
12
2
5
12
8
10
1
9
11
11
8
1
9
12
1
9
8
12
11
4
7
4
4
7
10
7
7
10
4
3
4
4
12
4
3
9
7
11
5
4
8
10
7
6
6
8
1
5
4
5
4
9
6
1
12
7
4
9
10
8
3
6
10
5
2
2
6
2
8
6
1
2
11
5
6
12
3
7
7
9
10
11
6
2
7
9
4
7
12
5
2
4
9
6
10
4
7
9
4
5
10
4
10
1
5
4
9
10
10
10
12
8
3
8
6
12
7
6
1
10
8
11
6
12
6
11
5
4
1
3
9
4
10
6
7
9
9
7
5
3
4
3
9
6
4
5
7
4
2
3
1
5
12
3
9
7
9
12
4
7
1
7
12
10
12
4
8
6
7
11
2
10
4
5
7
3
9
10
11
3
10
9
