1
11
11
4
5
11
1
10
9
3
3
12
4
5
8
9
6
9
12
9
8
8
4
3
12
2
9
1
10
6
5
10
2
3
8
10
3
6
2
12
10
4
3
1
11
3
6
10
6
3
1
7
2
7
4
10
12
9
4
3
1
2
1
2
6
12
11
4
4
3
9
12
11
2
9
10
1
10
7
10
2
6
10
7
5
6
4
4
11
11
8
10
10
8
11
11
7
7
1
6
2
1
10
8
11
1
4
8
6
8
6
3
10
7
7
2
9
1
11
1
11
11
2
7
6
1
5
9
7
4
6
9
4
2
12
1
9
1
1
10
5
9
6
6
12
6
6
9
11
2
11
8
5
7
5
6
11
9
7
9
8
5
7
11
7
5
1
4
10
9
5
7
7
10
8
3
11
4
4
2
1
8
1
11
8
1
10
6
8
3
11
10
6
7
8
8
10
3
7
3
3
1
7
2
9
9
6
2
8
9
12
5
1
2
1
5
2
8
8
12
12
1
1
6
7
7
9
3
10
5
4
7
9
9
7
12
11
6
4
12
8
11
6
6
11
10
6
9
6
11
9
7
12
10
5
5
10
5
2
12
1
7
8
12
11
6
1
8
3
3
7
5
4
4
5
1
9
8
11
10
2
8
5
9
1
3
6
4
10
11
6
9
12
9
8
4
10
1
9
12
