1
12
2
10
1
9
3
1
10
7
4
7
1
1
2
7
8
2
2
5
6
12
10
3
3
10
12
1
6
5
1
8
3
10
1
8
6
2
9
5
2
5
5
1
6
9
3
8
11
7
10
7
3
4
3
4
10
5
1
11
5
2
2
3
11
11
11
11
9
2
5
2
11
7
4
10
1
3
5
12
10
8
1
4
5
12
10
5
9
3
3
11
5
5
3
9
5
1
1
10
7
3
4
12
7
12
10
6
2
7
10
4
11
9
9
8
11
4
12
9
2
1
12
6
1
2
3
3
1
3
7
4
3
7
10
1
6
9
10
3
3
2
1
7
5
7
7
5
11
1
6
4
1
5
10
9
9
3
7
5
1
2
6
11
10
7
11
10
4
7
3
10
8
1
8
12
6
4
7
5
8
12
12
11
1
2
4
6
1
4
4
6
3
9
5
2
9
7
10
12
12
12
12
11
9
10
3
10
1
10
11
3
2
10
5
7
11
9
4
12
5
3
7
12
11
4
1
1
2
11
11
4
5
4
5
3
10
9
2
3
6
6
12
9
11
3
8
2
6
8
1
9
2
12
8
9
11
7
2
9
2
2
5
3
11
3
7
2
8
6
1
11
10
11
10
9
10
8
5
8
11
3
11
12
2
5
2
9
5
7
2
11
12
4
1
6
11
6
12
9
6
7
7
2
6
12
4
5
6
7
6
6
6
4
3
1
5
7
6
6
6
6
7
1
7
4
5
6
4
12
5
6
6
9
1
11
12
7
7
2
6
11
12
3
11
7
12
2
5
10
