9
7
1
2
4
5
12
7
7
6
2
9
1
10
6
5
12
3
9
9
8
6
8
7
10
2
5
2
8
5
11
5
2
4
6
6
6
8
8
7
5
1
12
8
8
8
4
11
9
5
1
2
8
6
4
11
8
7
10
1
1
7
1
6
1
10
8
10
1
12
5
9
3
7
5
8
10
7
4
6
4
7
1
7
3
6
8
10
4
7
5
8
12
12
11
3
6
1
8
5
7
5
2
10
8
7
4
3
5
11
12
3
7
12
7
6
11
12
3
8
1
3
3
12
4
3
8
9
10
3
12
8
7
3
9
6
8
5
5
6
11
4
4
3
8
7
3
9
1
4
2
7
2
11
8
11
4
12
2
8
12
10
11
3
1
12
12
7
7
6
7
7
10
1
8
3
8
5
1
10
1
2
2
3
9
2
4
8
6
6
4
9
10
3
3
12
4
7
11
11
12
10
6
3
7
4
11
7
4
3
9
1
2
8
11
7
12
9
8
2
11
1
8
8
5
9
8
8
7
2
5
8
1
3
12
8
4
6
2
4
11
4
8
2
4
1
9
8
6
6
